Custom_Allocator
4
24
400
21
4 684600 637123 746787 6108 5693 6522 1.718583 1.265163 2.504022 0 212719 209428 264961 0 0 0 0 0 0 0 0 0 0 0 0 0 0 0 0 0 0 0 0 
5 1243765 1035091 1455316 4174 3345 5057 1.439503 1.246054 1.692059 0 304772 251076 312854 271537 0 0 0 0 0 0 0 0 0 0 0 0 0 0 0 0 0 0 0 
6 1496445 1182935 1755112 4505 3570 5728 1.869707 1.389988 2.368662 0 306056 324106 425415 351089 348445 0 0 0 0 0 0 0 0 0 0 0 0 0 0 0 0 0 0 
7 899275 617248 1508700 11327 5322 15048 4.299916 1.485817 8.018425 0 42686 113810 47022 199195 181767 177971 0 0 0 0 0 0 0 0 0 0 0 0 0 0 0 0 0 
8 923701 840706 1013648 11483 10171 12647 7.852506 2.613019 18.820549 0 79724 207801 75131 204743 170923 131843 143481 0 0 0 0 0 0 0 0 0 0 0 0 0 0 0 0 
9 1012941 852390 1269796 12209 9069 14464 9.934029 4.460089 23.923260 0 37053 242053 71086 240048 246913 143235 136761 152644 0 0 0 0 0 0 0 0 0 0 0 0 0 0 0 
10 983521 833277 1068633 14150 12834 16664 4.710880 3.308060 6.338348 0 47423 47386 74306 227126 49410 136471 158702 177502 150304 0 0 0 0 0 0 0 0 0 0 0 0 0 0 
11 1354024 1188925 1477765 10801 9567 12313 3.963220 1.821799 6.081303 0 99590 97075 112553 265209 174882 59111 43610 171391 166574 170597 0 0 0 0 0 0 0 0 0 0 0 0 0 
12 1339304 1001742 1638534 12762 9726 17334 5.421320 3.079250 8.250696 0 177825 67340 152071 200001 71172 53717 39693 160129 157204 147433 147063 0 0 0 0 0 0 0 0 0 0 0 0 
13 1409902 1298560 1532014 12796 11445 13856 4.328288 1.685964 7.694066 0 160342 41699 172685 204398 147420 92075 40337 26565 111553 144454 150636 154237 0 0 0 0 0 0 0 0 0 0 0 
14 1477004 1243185 1770432 13473 10621 16298 10.494508 4.874609 14.716926 0 125453 81486 57446 97960 66727 104110 52548 225813 46324 172407 127130 161834 140719 0 0 0 0 0 0 0 0 0 0 
15 1821140 1391513 2234337 11746 8777 15565 9.522629 2.619385 25.750393 0 59149 29691 43214 50836 66617 146723 121436 78406 164248 83480 60415 162285 166610 158399 0 0 0 0 0 0 0 0 0 
16 1790216 1536933 2012739 12667 11063 14837 3.807908 2.880798 5.805036 0 186981 88128 72920 101863 102020 111172 84535 86438 63776 112306 53198 88474 127394 131784 125939 0 0 0 0 0 0 0 0 
17 1804282 1730061 1887548 13403 12919 13876 5.861448 2.608265 12.320695 0 34135 32722 150564 113367 133968 82787 134971 164518 57582 68086 62494 141750 74981 160321 155359 162448 0 0 0 0 0 0 0 
18 1706767 1432813 2041287 15523 12343 18470 8.092694 4.467008 10.524693 0 32345 13202 66775 102435 29807 38781 82745 102294 79166 72821 63575 109957 95765 137013 135552 137093 133481 0 0 0 0 0 0 
19 1895073 1710522 2110932 14550 12742 16328 9.575335 3.580387 14.211535 0 189165 83585 175454 135401 56992 44844 96827 83442 89097 102215 79273 125334 98891 115023 13310 150808 129595 128040 0 0 0 0 0 
20 2168979 2060391 2339924 13193 12109 13995 6.942067 3.581301 10.125857 0 90436 44915 121558 160855 69615 86004 148294 113713 53301 134070 116268 136711 79836 69628 87357 155925 139374 130045 132242 0 0 0 0 
21 2328088 1803079 2950481 13650 10080 17217 7.719848 3.953263 15.326314 0 69450 76316 63739 115024 112946 109480 104089 106735 126902 113811 130491 108374 136244 124209 121966 113437 108685 239419 251977 246676 0 0 0 
22 2673803 2609999 2752377 12191 11800 12630 4.247346 3.967243 4.970587 0 84994 105848 59678 60427 108983 116804 105040 124651 106701 114867 111712 110013 121082 123290 124143 113363 113286 113575 230704 241265 235745 0 0 
23 2904611 2708305 3069664 11751 11046 12763 3.716317 3.232987 4.385729 0 95486 105122 82319 83501 80616 131624 128859 128662 136624 109983 104300 117699 118878 129900 100560 111545 111380 102404 121781 260632 253441 253544 0 
24 2939506 2782547 3100007 12167 11462 12899 3.569953 3.311749 4.062755 0 92596 75393 102706 70909 73097 85154 109027 127867 105850 131672 112262 108103 134746 123485 118667 142163 120700 118235 103602 127008 246872 248735 247015 
