Hoard
4
24
400
21
4 339467 232013 482194 14771 8579 20856 4.319102 1.071933 9.553941 0 154899 166041 161253 0 0 0 0 0 0 0 0 0 0 0 0 0 0 0 0 0 0 0 0 
5 416457 337335 529234 14921 10770 18316 2.996000 1.705591 4.400120 0 60537 125608 90980 60209 0 0 0 0 0 0 0 0 0 0 0 0 0 0 0 0 0 0 0 
6 740641 396377 1401556 12502 4545 20170 6.279768 1.747691 12.908168 0 320460 224543 366333 280610 209609 0 0 0 0 0 0 0 0 0 0 0 0 0 0 0 0 0 0 
7 1007491 782031 1586171 9605 5274 11681 2.463881 1.695472 3.169116 0 103854 63679 173404 173883 149648 142512 0 0 0 0 0 0 0 0 0 0 0 0 0 0 0 0 0 
8 865620 812143 936485 12241 11026 13039 2.855149 2.083503 3.644881 0 133758 84995 69159 108531 144093 128697 142907 0 0 0 0 0 0 0 0 0 0 0 0 0 0 0 0 
9 1062959 973666 1097359 11130 10708 12278 3.310177 1.758884 5.397089 0 136443 182957 117942 105619 104019 146127 149087 155162 0 0 0 0 0 0 0 0 0 0 0 0 0 0 0 
10 1268181 1056277 1524271 10651 8368 12933 6.467769 2.049061 17.881498 0 46798 154872 85587 150661 64348 121357 137464 160845 134343 0 0 0 0 0 0 0 0 0 0 0 0 0 0 
11 1167085 1017793 1271417 12996 11535 15002 3.403403 1.966377 5.170270 0 79737 115396 93978 154909 93920 125383 89498 156793 144547 141903 0 0 0 0 0 0 0 0 0 0 0 0 0 
12 1184333 878160 1546968 14800 10273 19794 7.712159 2.967028 11.412088 0 225836 145884 27155 136009 165817 100672 128142 194207 144274 137602 141367 0 0 0 0 0 0 0 0 0 0 0 0 
13 1513210 1401326 1593235 11814 10986 12766 3.908104 2.915351 5.164182 0 64040 45849 51853 125157 153189 97632 112762 200381 103583 144764 143732 158378 0 0 0 0 0 0 0 0 0 0 0 
14 1407019 1234951 1579117 14195 12282 16345 3.682125 2.901512 4.281810 0 135237 194767 83400 61527 168640 70892 56018 96912 199618 110550 129209 141560 130785 0 0 0 0 0 0 0 0 0 0 
15 1399133 1299660 1455666 15409 14578 16815 6.247457 3.460571 10.556337 0 76947 83796 76374 204117 80002 81641 65900 113090 47413 26413 19336 156028 134601 133998 0 0 0 0 0 0 0 0 0 
16 1438167 1080089 1682945 16619 13424 22211 7.290922 3.112190 17.496540 0 176172 21044 62925 45045 36529 77803 35586 10069 63709 47873 34343 67928 134780 122977 143301 0 0 0 0 0 0 0 0 
17 1624791 1406716 1775965 15084 13291 17658 5.887977 2.308359 10.345811 0 173367 30797 26838 31921 18112 86911 99555 103222 84592 176593 187383 149761 65724 129060 132072 136284 0 0 0 0 0 0 0 
18 1770221 1648003 1911352 14525 13246 15751 7.820168 3.784874 10.707904 0 62938 56989 68757 75023 41482 62380 92340 154183 99015 74456 76263 135459 106518 89997 152899 157006 142289 0 0 0 0 0 0 
19 1618197 1525090 1707513 17172 15844 18421 3.204797 2.611114 4.103552 0 48073 150677 150075 53006 71096 68093 68773 149244 55065 43248 56387 63550 65475 49931 123251 133472 122023 127033 0 0 0 0 0 
20 1787609 1564799 1974624 16512 14574 18963 5.256277 3.934177 7.997472 0 35029 64571 153311 110135 160833 134462 70130 67265 69443 153629 145008 81195 82349 71360 109528 85339 130488 124553 125991 0 0 0 0 
21 2158973 1630109 3254127 15350 9296 19112 13.459563 2.402398 38.815281 0 188661 117007 132887 148741 141057 145115 120030 154707 131713 126825 158900 139840 152769 164545 130477 139968 126360 276157 277264 281099 0 0 0 
22 3415468 3292607 3501566 9395 9098 9739 2.573260 2.224665 3.141541 0 224202 128128 127562 122586 129548 147545 124141 126801 146252 116988 145995 128762 153347 121927 132663 129192 146615 172722 287528 299765 289284 0 0 
23 3545470 3316408 3804809 9520 8650 10330 3.288061 2.071739 4.355806 0 158459 143248 160186 166386 176762 136077 149383 146422 163660 176818 122142 197989 150140 125852 192119 173834 196431 146701 164585 253047 252350 252214 0 
24 3427123 2882314 3749417 10416 9327 12495 2.749552 2.145992 4.001201 0 89935 143296 87551 95332 88128 147939 131281 86057 97693 90757 128409 124367 129211 114600 98079 69105 124475 118466 100460 115027 155931 276504 269702 
