jemalloc
4
24
400
21
4 728935 704806 797001 5708 5001 6006 1.329770 1.050155 1.713597 0 236404 239930 228471 0 0 0 0 0 0 0 0 0 0 0 0 0 0 0 0 0 0 0 0 
5 1028816 883881 1253997 5517 4358 6433 1.480785 1.373224 1.679780 0 211624 192484 215448 264324 0 0 0 0 0 0 0 0 0 0 0 0 0 0 0 0 0 0 0 
6 747917 537825 1135863 10970 6172 14138 3.418515 1.602343 4.693916 0 134645 97181 35118 142206 128674 0 0 0 0 0 0 0 0 0 0 0 0 0 0 0 0 0 0 
7 745769 621663 843476 12244 10621 14404 5.310318 2.705376 11.555843 0 74251 136536 37923 86576 140924 145452 0 0 0 0 0 0 0 0 0 0 0 0 0 0 0 0 0 
8 820493 657723 946595 13332 10925 16579 7.099444 3.430693 14.500852 0 31565 178525 60230 56842 45652 135161 149746 0 0 0 0 0 0 0 0 0 0 0 0 0 0 0 0 
9 857240 727387 986839 14322 12172 17098 5.400228 2.510687 13.417776 0 139082 132928 82003 137865 57455 137255 137218 163031 0 0 0 0 0 0 0 0 0 0 0 0 0 0 0 
10 1023930 962769 1089087 13315 12352 14396 4.852175 1.950527 7.216961 0 109978 144771 98513 74221 104263 135601 107358 126894 112917 0 0 0 0 0 0 0 0 0 0 0 0 0 0 
11 997921 755187 1189567 15837 12680 20736 3.023142 2.653889 3.487286 0 64294 96229 57592 152843 104590 94833 95499 83882 140633 137544 0 0 0 0 0 0 0 0 0 0 0 0 0 
12 1015411 774977 1195240 17278 14056 22593 8.591120 3.226003 17.340828 0 67695 87245 149108 31975 56256 90774 8598 11615 15619 120625 135464 0 0 0 0 0 0 0 0 0 0 0 0 
13 1252245 1179131 1324738 14535 13631 15561 5.205935 2.945787 10.458660 0 64964 207831 53386 19871 115001 91079 123720 67106 116573 67084 127756 124757 0 0 0 0 0 0 0 0 0 0 0 
14 1303693 1093225 1557497 15534 12476 18407 8.635086 3.424311 14.839695 0 15296 59825 165571 100117 65332 107845 135928 62938 61308 135194 124284 117305 122676 0 0 0 0 0 0 0 0 0 0 
15 1280194 1192521 1367521 16884 15687 18137 4.996716 2.796988 9.304254 0 133703 191332 20564 55844 79413 102716 79306 110509 42322 73633 68119 51033 123183 117191 0 0 0 0 0 0 0 0 0 
16 1455739 1436366 1488377 15989 15633 16325 11.292880 5.300209 19.450647 0 32433 150959 171901 91784 88753 45493 128822 117329 35031 83464 135811 84531 67717 113852 112328 0 0 0 0 0 0 0 0 
17 1288583 1225025 1425424 19504 17203 20659 13.153728 4.326287 18.064610 0 77243 16162 78747 10964 88086 91480 54600 135753 80079 36834 106832 94549 24843 107058 130956 137869 0 0 0 0 0 0 0 
18 1467792 1385936 1540978 17937 17067 19155 4.343388 2.286262 7.234089 0 94964 77958 177910 70930 77774 98574 56371 155349 103107 42500 102164 39451 60908 43428 91272 127757 120557 0 0 0 0 0 0 
19 1550515 1473606 1621150 17966 16945 18817 4.336689 3.182987 5.630804 0 55434 30678 63293 55171 114274 64927 54267 136705 89378 75438 124745 28253 96204 111431 60656 77286 113778 121682 0 0 0 0 0 
20 1464994 1360447 1567365 20526 18936 22162 9.153877 3.836092 11.828253 0 101945 131932 88922 121968 63540 80096 63011 47903 11154 53644 54814 101332 38194 97411 39798 42678 49741 113070 108072 0 0 0 0 
21 1707569 1467516 1834462 18291 16769 21302 10.772220 3.393442 18.937859 0 99546 121692 123753 85025 89318 64159 68326 114479 129747 99415 40674 98003 14424 123593 144978 58546 77509 75344 95322 104251 0 0 0 
22 2258663 1716391 2643171 14894 12236 19628 5.557167 3.525396 10.601196 0 16435 59497 69833 74940 78076 84930 74437 67724 76169 80703 70792 82424 76732 69449 75668 81339 71999 75797 81823 173386 174230 0 0 
23 1943868 1890551 2039146 18081 17165 18661 11.711059 3.525699 25.536854 0 43318 24999 30319 62653 93563 82261 81254 87120 95705 72852 92541 86990 92612 83908 81449 89726 102479 81094 93473 95716 186881 187119 0 
24 1860674 1785827 1956100 19804 18707 20571 5.024373 2.826375 7.779655 0 52908 92608 29038 52345 97384 73352 64875 74150 83780 68925 68707 83439 70259 70874 66669 71101 80086 69280 81243 81161 74514 167730 167740 
