ptmalloc
4
24
400
21
4 265556 237985 302258 17440 14831 19755 1.459696 1.160596 1.850681 0 74250 86175 77559 0 0 0 0 0 0 0 0 0 0 0 0 0 0 0 0 0 0 0 0 
5 407200 346533 450870 15044 13238 17626 1.740372 1.173081 2.586729 0 117082 145587 85789 85025 0 0 0 0 0 0 0 0 0 0 0 0 0 0 0 0 0 0 0 
6 467934 448890 487556 16410 15616 17244 1.740687 1.388057 2.758668 0 98694 78397 104540 108820 91886 0 0 0 0 0 0 0 0 0 0 0 0 0 0 0 0 0 0 
7 697396 696009 698316 13073 12992 13220 1.986188 1.501678 2.414305 0 61973 103074 112331 149623 135496 134960 0 0 0 0 0 0 0 0 0 0 0 0 0 0 0 0 0 
8 850708 781931 904475 12566 11712 13762 2.013772 1.642189 2.391601 0 93320 94309 84668 72304 142344 137879 157105 0 0 0 0 0 0 0 0 0 0 0 0 0 0 0 0 
9 920511 847646 1031845 13229 11411 14315 2.108344 1.836483 2.602479 0 109008 73633 80503 107066 98452 125157 129816 149520 0 0 0 0 0 0 0 0 0 0 0 0 0 0 0 
10 954824 899679 974379 14465 13962 15517 2.563618 2.133126 3.772950 0 74680 101542 64130 84256 126991 120447 141793 140102 120030 0 0 0 0 0 0 0 0 0 0 0 0 0 0 
11 1010400 953467 1077665 15280 14300 16214 2.754891 2.101159 3.368628 0 71015 57671 89797 98090 54070 81447 90612 113592 168422 135077 0 0 0 0 0 0 0 0 0 0 0 0 0 
12 1145345 1067617 1239085 14739 13537 15712 3.138931 2.673635 4.186967 0 59777 99838 98563 124753 120160 77904 114016 57107 139936 131410 155955 0 0 0 0 0 0 0 0 0 0 0 0 
13 1165432 1148892 1188958 15893 15545 16197 2.661178 2.281546 3.123295 0 56483 87213 145814 101911 78679 72589 68046 90294 75359 117614 138178 130901 0 0 0 0 0 0 0 0 0 0 0 
14 1247854 1227268 1296997 16014 15249 16329 4.204421 2.628330 7.374088 0 80519 98668 107018 46259 101337 121569 89008 57326 82771 35457 128129 136288 142916 0 0 0 0 0 0 0 0 0 0 
15 1311575 1240202 1377621 16530 15736 17533 3.316101 2.165070 4.610359 0 59253 109631 92161 127399 75119 105099 53475 73041 66931 91589 80784 143773 139278 160084 0 0 0 0 0 0 0 0 0 
16 1344027 1323936 1383521 17391 16855 17785 3.580654 2.912096 4.725111 0 64173 58582 43939 125844 66647 78534 80057 84329 80136 86060 97524 57938 145875 126925 133444 0 0 0 0 0 0 0 0 
17 1410998 1342354 1462421 17612 17003 18526 5.333268 3.035657 8.970346 0 15827 63563 97579 84473 43773 141976 96788 83513 134934 93959 58220 59028 77383 132286 130249 115461 0 0 0 0 0 0 0 
18 1440807 1391726 1506633 18404 17554 18969 3.939861 2.977425 5.975660 0 109407 87366 71363 93895 92337 86406 53928 67559 83214 42006 91118 78365 80455 64508 133278 147253 124171 0 0 0 0 0 0 
19 1440679 1361448 1565315 19652 17745 20748 3.384971 2.785865 3.689697 0 54054 102257 60406 69367 88752 50455 71088 52495 53360 47182 78017 59035 74489 64951 78477 107614 131442 118003 0 0 0 0 0 
20 1447786 1385651 1528868 20693 19573 21862 3.568750 3.315258 3.945762 0 54767 78597 76924 93467 50640 96812 51020 39903 83684 100976 80833 129207 56905 37383 62787 60343 121701 134849 118065 0 0 0 0 
21 1903057 1451900 2536668 17572 12250 21961 6.592437 3.047667 11.166081 0 33743 82385 102124 115709 91554 82236 79227 177052 92249 114284 129631 151103 123030 63987 90398 92012 94434 269108 270182 282213 0 0 0 
22 1860126 1648250 2386736 18571 13942 20622 5.778040 3.440412 10.573343 0 40004 15691 99749 63919 64692 65944 61242 66015 65883 66818 75376 66206 65894 71652 65169 64367 71475 70595 160729 165906 160917 0 0 
23 1690485 1618602 1749395 21107 20264 22013 8.090720 4.884269 11.070526 0 39502 68473 22109 38105 73280 68221 88168 75813 67096 66404 76455 72317 69324 73071 81034 77598 64697 70552 65583 161894 160109 160167 0 
24 1645359 1615240 1664414 22656 22382 23074 9.679900 4.337183 19.249062 0 105847 65369 34023 68599 43311 56767 70384 58296 55609 66072 57779 57302 60187 63517 64463 68158 58555 58082 55176 56482 146230 146634 147564 
