scalloc
4
24
400
21
4 316414 208210 430374 15439 10151 22980 3.445701 2.050641 6.833210 0 62602 117271 140285 0 0 0 0 0 0 0 0 0 0 0 0 0 0 0 0 0 0 0 0 
5 439228 395147 535540 14222 10983 15900 3.424172 1.927938 5.484546 0 157310 76008 45581 116247 0 0 0 0 0 0 0 0 0 0 0 0 0 0 0 0 0 0 0 
6 681764 520368 824667 11355 8653 14507 2.895560 1.448321 5.257208 0 112495 66332 87214 174976 141874 0 0 0 0 0 0 0 0 0 0 0 0 0 0 0 0 0 0 
7 761207 718868 858176 11823 10215 12634 7.102090 1.575820 12.673660 0 21844 63049 208815 276847 146045 141573 0 0 0 0 0 0 0 0 0 0 0 0 0 0 0 0 0 
8 878157 840250 921869 12079 11365 12556 3.926424 1.944863 6.121613 0 167454 121321 153015 71170 27354 149598 150334 0 0 0 0 0 0 0 0 0 0 0 0 0 0 0 0 
9 923174 754162 1047075 13331 11303 16717 6.468229 3.890229 10.004796 0 220905 84564 168548 56784 103604 119346 139830 153491 0 0 0 0 0 0 0 0 0 0 0 0 0 0 0 
10 1154536 1041621 1208322 11663 11004 13030 6.107727 4.550234 10.637191 0 151671 140929 106458 186921 40296 124295 100388 179131 151836 0 0 0 0 0 0 0 0 0 0 0 0 0 0 
11 1118746 966994 1190672 13695 12807 15952 7.086741 3.198684 12.946009 0 129146 107506 63778 159670 136511 92707 31309 138570 145381 136611 0 0 0 0 0 0 0 0 0 0 0 0 0 
12 1301940 1207518 1374962 12685 11713 13803 6.474705 3.657021 9.752568 0 80921 55296 149446 52238 191036 166500 63356 183014 145678 140814 136019 0 0 0 0 0 0 0 0 0 0 0 0 
13 1271185 1194665 1380331 14385 12978 15266 5.846963 3.760628 9.653191 0 30169 91671 39445 80384 150703 129934 122128 160256 70233 35796 146490 163849 0 0 0 0 0 0 0 0 0 0 0 
14 1412314 1124439 1664798 14239 11604 17900 11.588820 3.985057 23.884050 0 196367 89151 133800 186265 115300 146848 162147 65009 136131 49276 114839 131180 138479 0 0 0 0 0 0 0 0 0 0 
15 1447783 1221182 1701552 15087 12198 17903 4.945259 2.719654 7.917640 0 168488 61952 69899 132015 118007 98190 133727 66575 132493 126594 89026 71729 140755 140852 0 0 0 0 0 0 0 0 0 
16 1373683 989451 1611216 17446 13893 23955 12.729598 4.532100 31.777050 0 25350 46008 59783 67144 42715 36645 120052 101311 28662 40773 25944 44415 86668 131256 132721 0 0 0 0 0 0 0 0 
17 1507228 1322800 1790410 16530 13418 18672 18.287563 5.465758 39.940128 0 10178 245711 172209 6921 39888 11230 50605 174714 162920 13541 16508 6152 59433 60445 131186 161153 0 0 0 0 0 0 0 
18 1668955 1458208 1876918 15782 13742 18206 5.774380 4.190571 7.616409 0 26112 60131 103635 62791 111816 89514 101945 69000 101206 99261 48522 198879 183477 98192 128377 147495 121763 0 0 0 0 0 0 
19 1631085 1381076 1877206 17312 14517 20268 11.287912 7.617347 16.484175 0 14251 171875 19920 95178 135585 23003 96181 155352 10426 29421 58033 14587 47820 155136 24124 56387 135177 138615 0 0 0 0 0 
20 1660383 1333627 1852818 18096 15861 22791 11.728252 5.411980 19.327902 0 150579 120771 126924 66505 43001 139826 58581 98359 57278 55796 137401 27823 109882 126766 107736 91298 104210 107709 122368 0 0 0 0 
21 1911126 1790306 2184139 16176 13748 17380 18.684509 3.010162 36.679249 0 131799 183201 183105 44134 134074 136092 115576 168354 212822 10099 7270 137309 10839 22602 152569 49829 139438 120294 112132 112595 0 0 0 
22 2712480 1861312 3572246 12801 8861 17420 3.868314 2.647339 6.388558 0 162303 149109 91613 199404 121397 180053 159764 131290 231296 189072 117559 198373 195822 152307 122141 196249 123056 142722 225193 242530 240986 0 0 
23 3378558 2942366 3610920 9879 9120 11426 2.175342 2.016885 2.528183 0 137965 131707 107509 163984 102437 111846 111693 158824 91563 95457 112344 132881 156612 144743 116581 169166 153287 153589 102020 140063 184672 163417 0 
24 3294716 3041830 3434819 10527 10096 11378 2.723584 1.648737 3.494672 0 96592 166107 79792 138531 163621 167807 144127 89655 98721 155496 170562 189989 124509 197559 119747 115042 111826 143080 168767 109464 83354 221292 266942 
