SuperMalloc
4
24
400
21
4 828198 730609 868889 4773 4305 5778 1.269628 1.164261 1.430735 0 285612 227435 217561 0 0 0 0 0 0 0 0 0 0 0 0 0 0 0 0 0 0 0 0 
5 993701 649310 1226961 5784 4108 8975 1.742449 1.301433 2.717257 0 141203 82147 223216 202743 0 0 0 0 0 0 0 0 0 0 0 0 0 0 0 0 0 0 0 
6 683079 601534 741253 10872 9774 12412 3.975695 1.199810 8.363263 0 222644 26621 147458 154056 147026 0 0 0 0 0 0 0 0 0 0 0 0 0 0 0 0 0 0 
7 615528 578409 646399 14915 14028 15736 8.527260 3.304725 13.761630 0 32851 179712 20232 130692 104663 131099 0 0 0 0 0 0 0 0 0 0 0 0 0 0 0 0 0 
8 700355 668774 719825 15415 14990 16101 6.091807 2.665518 14.804497 0 135759 136942 60518 72259 36083 90181 137029 0 0 0 0 0 0 0 0 0 0 0 0 0 0 0 0 
9 972464 890342 1015086 12235 11583 13664 3.491465 2.283201 4.952354 0 101558 123787 132904 162989 71386 147119 108702 149279 0 0 0 0 0 0 0 0 0 0 0 0 0 0 0 
10 897189 815102 1047904 15553 12994 17077 5.919094 2.478532 12.292504 0 136049 142111 70127 72749 73778 76058 29287 83845 131094 0 0 0 0 0 0 0 0 0 0 0 0 0 0 
11 1043211 972597 1107681 14648 13492 15836 6.416674 3.505732 9.650255 0 117120 45861 119031 192637 122730 41181 117069 119012 100355 132681 0 0 0 0 0 0 0 0 0 0 0 0 0 
12 1017235 919350 1136079 16810 14557 18540 3.644262 2.157601 4.221568 0 69526 113556 114741 145958 100616 81814 78319 86222 147367 68301 129655 0 0 0 0 0 0 0 0 0 0 0 0 
13 1186858 1094979 1306095 15666 13936 16986 5.747955 3.074298 11.843038 0 110562 108681 88415 100787 109735 51122 36764 42247 130391 36860 140119 139293 0 0 0 0 0 0 0 0 0 0 0 
14 1293712 1182824 1406134 15414 13994 16886 5.769418 2.084504 12.248090 0 75846 98607 91647 149923 151381 43114 49111 46150 56712 66435 213271 37517 103105 0 0 0 0 0 0 0 0 0 0 
15 1340389 1242669 1518218 16066 13751 17444 7.337510 1.546612 20.638281 0 168595 42280 45056 51967 114714 155961 109934 70252 73076 102090 68523 84235 85502 111982 0 0 0 0 0 0 0 0 0 
16 1374871 1281450 1422268 16842 16235 18252 7.915837 2.070684 21.234346 0 84360 67393 19137 14574 69369 69259 66180 10706 93376 49065 124018 227342 141813 123714 121140 0 0 0 0 0 0 0 0 
17 1232041 1055411 1379674 20809 18118 24313 5.874610 4.122904 7.871939 0 101252 98749 50155 74231 15734 53688 58000 92800 56885 45482 73163 62195 61824 106907 75753 105600 0 0 0 0 0 0 0 
18 1371485 1160058 1489261 19428 17650 23103 8.088037 6.418988 9.419724 0 38389 58133 96839 70194 96874 37451 132642 119281 107802 104854 18520 77917 108553 126880 29205 69550 87891 0 0 0 0 0 0 
19 1361209 1278254 1473452 20775 19121 21922 7.593365 2.736442 18.760176 0 55673 56535 91404 88061 124059 58332 58608 45336 69725 53264 85801 118888 64531 59753 101479 53785 92186 98594 0 0 0 0 0 
20 1302916 1228907 1349436 22964 22227 24595 12.403536 2.133168 32.770676 0 58804 51489 75438 57047 51703 83924 52300 59348 61836 109834 71730 75800 87536 87600 75816 55152 54117 64708 98344 0 0 0 0 
21 1323740 1051307 1438160 24371 21912 30482 8.930732 3.780650 13.951161 0 79698 31294 45837 17596 59295 21922 45959 25450 76874 21130 34841 75146 73715 66861 69595 15212 46203 42297 90641 111734 0 0 0 
22 1535613 1434876 1622105 21563 20421 23075 4.660419 3.680945 6.187519 0 18727 38064 111200 53091 85055 92521 85516 41423 69071 45299 111245 84790 115873 108030 63343 80150 76159 85346 92636 61412 88756 0 0 
23 2070833 1446774 2616907 17602 13012 24053 6.441964 2.813931 14.971305 0 98185 115898 101630 89182 119621 85161 109772 101136 102490 109040 85173 69397 84440 131785 105484 112545 108207 70374 77352 118138 151143 227837 0 
24 2442252 2340705 2551325 14839 14209 15450 3.068950 2.079211 4.030186 0 99770 125239 77246 84763 62105 172071 75496 64228 145380 118054 81337 146623 106328 168577 54910 84705 94581 103380 134678 80169 96467 134835 176496 
