tcmalloc
4
24
400
21
4 787494 734125 811182 5331 5126 5867 1.411493 1.061573 1.844037 0 311076 271167 228939 0 0 0 0 0 0 0 0 0 0 0 0 0 0 0 0 0 0 0 0 
5 480220 447227 504133 12758 12037 13700 6.314329 2.888486 10.448139 0 170681 69211 32793 207910 0 0 0 0 0 0 0 0 0 0 0 0 0 0 0 0 0 0 0 
6 518916 441371 624334 14649 11597 17252 3.457198 2.484160 4.154655 0 149576 57739 54555 37867 141633 0 0 0 0 0 0 0 0 0 0 0 0 0 0 0 0 0 0 
7 663497 573308 740944 13784 12218 16077 3.022518 2.207352 3.691319 0 51497 117799 97279 112397 102778 164697 0 0 0 0 0 0 0 0 0 0 0 0 0 0 0 0 0 
8 859592 764818 939810 12040 10788 13761 5.203909 1.630299 14.122095 0 115963 169776 142781 145907 112129 104138 149112 0 0 0 0 0 0 0 0 0 0 0 0 0 0 0 0 
9 803355 576178 1132361 16354 10103 21996 7.571347 1.603868 17.738089 0 120830 46195 90799 86631 23697 36401 32093 139529 0 0 0 0 0 0 0 0 0 0 0 0 0 0 0 
10 960604 926224 994411 14246 13704 14942 3.780625 2.180771 5.478253 0 89324 49653 84271 114686 104475 131045 69240 137343 146183 0 0 0 0 0 0 0 0 0 0 0 0 0 0 
11 1138274 1042580 1326318 13192 10921 14467 2.709520 1.830250 3.506122 0 69782 112577 169270 67375 117363 138659 71034 78830 90915 158090 0 0 0 0 0 0 0 0 0 0 0 0 0 
12 1369740 1230819 1611607 11956 9795 13198 3.172842 2.622869 4.171702 0 149302 147322 106903 237906 166795 78000 96047 178503 139231 165089 146506 0 0 0 0 0 0 0 0 0 0 0 0 
13 1290669 987258 1428783 14465 12445 19200 7.006207 2.219172 16.076527 0 81453 56974 34457 166906 132990 90368 106013 66373 171000 162318 132899 159298 0 0 0 0 0 0 0 0 0 0 0 
14 1427107 1274000 1777679 13927 10478 15562 12.149643 3.944648 25.448771 0 43454 119331 156464 157979 45301 109192 97055 109025 159187 12371 139991 84770 138976 0 0 0 0 0 0 0 0 0 0 
15 1466362 1351142 1698715 14513 12192 15597 6.705047 3.497075 11.723304 0 44106 131401 154242 119509 87122 88387 82232 85469 87455 112226 139509 92026 76579 150986 0 0 0 0 0 0 0 0 0 
16 1614809 1419114 1899407 14230 11540 16500 4.611300 2.411738 9.073980 0 112058 91208 66388 75596 101635 85356 133438 103138 86164 110280 165770 74810 134150 105690 128500 0 0 0 0 0 0 0 0 
17 1491562 1118032 1664629 16919 14523 22619 16.156799 5.160934 41.971802 0 72099 62374 108727 127780 139851 84886 81218 79983 102984 27098 103128 51763 86711 125139 137649 138430 0 0 0 0 0 0 0 
18 1720486 1429556 1887310 15117 13481 18249 8.002284 4.935802 13.730646 0 54799 61906 102312 99264 85705 63276 36029 46486 54924 57592 140345 198696 73562 25537 117901 96817 114399 0 0 0 0 0 0 
19 1567643 1485309 1650484 17685 16499 19041 5.193830 3.276206 7.196110 0 64437 71834 59166 112555 98173 71492 35654 20170 44522 135937 69260 145150 66825 70103 54379 87576 136692 141377 0 0 0 0 0 
20 1598897 1310231 1959001 18936 14717 22969 7.105219 4.482813 8.872927 0 81707 132064 124072 66424 69990 148734 170960 88176 41232 52130 112105 184835 129924 50093 106542 132874 80248 72426 114460 0 0 0 0 
21 1889496 1749498 2025231 16296 15205 17669 6.940300 2.626239 14.361327 0 66532 19073 116736 78073 103237 69947 89591 149983 91261 74033 106217 75844 91354 73505 74249 83428 76566 91986 97279 120596 0 0 0 
22 1824368 1689622 1909390 17842 17064 18961 5.381480 3.266013 9.880436 0 117155 101160 108997 41926 173907 145432 130143 52508 86225 46950 65951 73624 54037 46479 68985 111578 75313 121051 91078 37201 123212 0 0 
23 1844020 1758006 2004590 18611 16819 19687 12.804745 2.527961 21.524122 0 62469 155757 28106 97025 124525 31134 7558 45158 77078 146477 10706 66099 110501 68946 120276 110419 162693 34633 71434 75473 112440 111954 0 
24 2176128 1532297 3037448 17700 11355 23491 4.356836 1.771752 7.987969 0 102117 125219 102435 112304 106658 99801 97309 103600 105951 108292 102462 105009 109551 92718 96455 109147 104988 100121 93895 106222 99071 103881 164273 
