Custom_Allocator
4
24
400
21
4 254068 152057 340559 20180 13073 31833 5.465811 1.714715 12.637432 0 18131 82131 51795 0 0 0 0 0 0 0 0 0 0 0 0 0 0 0 0 0 0 0 0 
5 569423 473517 629145 10507 9572 12504 2.523423 2.316405 2.699702 0 79879 105374 94043 194220 0 0 0 0 0 0 0 0 0 0 0 0 0 0 0 0 0 0 0 
6 640433 454112 786098 12094 9227 16755 7.210534 2.267791 16.641821 0 52366 29843 186735 127012 170509 0 0 0 0 0 0 0 0 0 0 0 0 0 0 0 0 0 0 
7 600049 424625 738983 15901 11922 22149 9.920976 4.717482 17.402546 0 104541 83080 13866 13754 45027 164356 0 0 0 0 0 0 0 0 0 0 0 0 0 0 0 0 0 
8 987827 860926 1077767 10460 9632 12386 8.022057 6.636124 11.045622 0 112201 21773 214503 240500 168515 159579 160694 0 0 0 0 0 0 0 0 0 0 0 0 0 0 0 0 
9 1108981 869001 1391849 10741 7790 13889 4.664534 2.226588 8.238411 0 100064 142423 186001 130561 87393 158773 83536 182496 0 0 0 0 0 0 0 0 0 0 0 0 0 0 0 
10 1072822 858742 1311623 12887 9750 16348 10.222618 2.885362 17.818815 0 158522 133752 167760 167963 160964 138046 160551 58212 165851 0 0 0 0 0 0 0 0 0 0 0 0 0 0 
11 1086346 987907 1217398 14136 12117 15923 11.690189 5.871725 26.015957 0 8794 156702 49775 168926 80595 78534 27266 228793 51947 161068 0 0 0 0 0 0 0 0 0 0 0 0 0 
12 1453549 1270231 1772760 11192 8672 12655 5.813562 1.932965 13.367237 0 170938 153718 84609 105072 89564 86647 79985 178791 115112 188885 160315 0 0 0 0 0 0 0 0 0 0 0 0 
13 1573651 1331199 1754378 11253 9793 13350 4.244076 2.336688 5.380376 0 113945 101508 152939 202069 93911 120568 123171 114092 156081 39854 119802 181186 0 0 0 0 0 0 0 0 0 0 0 
14 1438877 1301682 1523313 13721 12942 15144 12.045692 4.524942 30.704451 0 117894 153751 83806 9266 101501 102817 54945 152340 153423 94755 47023 284517 167271 0 0 0 0 0 0 0 0 0 0 
15 1683643 1440970 1861147 12684 11270 14915 11.626911 4.349627 21.988848 0 150253 9594 14813 130479 172123 204012 210961 179802 119589 113752 121756 187961 92238 153809 0 0 0 0 0 0 0 0 0 
16 1554807 1359644 1709972 14625 12923 16736 5.729387 2.683172 9.047999 0 91113 129059 29188 173224 83577 77830 140661 161847 60756 58744 144171 162626 89694 166231 141246 0 0 0 0 0 0 0 0 
17 1766341 1574131 1993166 13647 11701 15230 4.842179 3.208045 7.608780 0 72524 73449 141884 62808 136531 134207 57864 130350 185630 136907 141909 113945 75020 59174 159773 173630 0 0 0 0 0 0 0 
18 1989903 1551947 2249752 13056 10998 17055 9.855419 2.955436 15.597795 0 178710 107251 161469 189872 103989 110230 163284 114369 165362 154177 128063 130499 87607 64245 82331 170619 137672 0 0 0 0 0 0 
19 2016578 1634865 2273351 13560 11779 16711 4.523942 2.659768 6.677842 0 62142 161668 130975 96172 130486 74634 151455 126931 60783 92958 143782 85795 136606 129470 126760 148345 83731 124423 0 0 0 0 0 
20 2026976 1912885 2186664 14156 12888 15210 4.474834 3.595468 6.468462 0 161381 103035 179337 188163 125060 37211 43247 80290 33187 134468 88915 214671 153266 105839 96665 59545 106785 139249 136344 0 0 0 0 
21 2122154 1891358 2415759 14364 12310 16083 11.206085 6.082603 23.208069 0 86580 146488 29684 119663 72063 95305 129761 40257 71881 48492 134003 93232 180556 124463 81018 73974 37849 91416 72032 162636 0 0 0 
22 2248479 1873572 2603876 14289 11859 17192 8.356372 3.356955 12.728785 0 66933 151988 197298 71733 80665 74426 147145 136811 175194 70487 83210 138186 121659 185567 105749 96275 96982 81753 58773 72646 130581 0 0 
23 2249095 2071499 2549414 14854 12743 16030 13.766802 3.686208 39.399498 0 102723 71576 142003 74210 153067 58943 183404 39292 129849 4655 72602 97509 75127 178796 100761 143261 122069 84030 76827 75132 79973 134301 0 
24 2940686 2326956 4322625 12580 7799 14919 3.939518 1.879874 6.071648 0 176328 209093 161785 196546 195519 165405 215321 194836 213734 149229 216659 186622 137632 212631 197476 181507 214244 166435 213832 127016 184722 167274 238774 
