Hoard
4
24
400
21
4 291088 232115 345295 16075 13062 19809 4.249250 2.984449 7.091129 0 22283 158014 51817 0 0 0 0 0 0 0 0 0 0 0 0 0 0 0 0 0 0 0 0 
5 564904 476451 624643 10467 9188 12504 4.400750 2.437022 9.107769 0 203140 144174 77992 185575 0 0 0 0 0 0 0 0 0 0 0 0 0 0 0 0 0 0 0 
6 575876 459779 658331 13303 11424 16570 3.205692 1.499209 4.753472 0 79919 112218 43199 183455 152093 0 0 0 0 0 0 0 0 0 0 0 0 0 0 0 0 0 0 
7 714026 627309 886213 12931 9732 14611 3.434275 2.316556 4.665565 0 62285 109109 34681 161808 106909 155863 0 0 0 0 0 0 0 0 0 0 0 0 0 0 0 0 0 
8 869026 684949 1065210 12321 9130 16079 3.796072 1.359285 6.977697 0 97154 126307 126625 206759 43180 157445 151067 0 0 0 0 0 0 0 0 0 0 0 0 0 0 0 0 
9 939623 796072 1004512 12864 11996 15151 3.986534 2.169489 5.852386 0 164108 102725 152153 83592 93555 120366 81175 176109 0 0 0 0 0 0 0 0 0 0 0 0 0 0 0 
10 1073998 974019 1169051 12653 11486 13919 3.798034 3.336812 4.925965 0 140095 131526 72353 87539 52376 123868 174770 168784 139519 0 0 0 0 0 0 0 0 0 0 0 0 0 0 
11 1077107 1012795 1196591 14162 12602 15102 6.679399 2.827188 10.811666 0 144988 40982 22165 104930 131700 136810 72521 107848 99447 152542 0 0 0 0 0 0 0 0 0 0 0 0 0 
12 1137171 996493 1341287 14918 12002 17115 3.428961 1.715055 5.360688 0 95601 90372 90369 90084 135932 151818 154499 97576 154482 131578 148971 0 0 0 0 0 0 0 0 0 0 0 0 
13 1230678 1173152 1269551 14931 14480 15614 4.064271 2.610729 5.361987 0 108397 80699 72928 129702 143220 90179 99262 101407 112910 104306 29121 156150 0 0 0 0 0 0 0 0 0 0 0 
14 1399092 1172797 1611341 14218 11914 16949 3.927708 2.174982 7.397663 0 81135 134194 78567 124348 103571 117085 123502 77602 83336 89376 82637 168783 139429 0 0 0 0 0 0 0 0 0 0 
15 1457942 1332731 1700178 14704 12165 15907 11.695648 3.466400 21.450588 0 95334 161069 121354 48717 12760 93265 72159 273716 86954 73333 160649 43125 48249 132218 0 0 0 0 0 0 0 0 0 
16 1544419 1371146 1789697 14935 12358 16927 3.450218 2.672788 4.326413 0 56403 81005 97343 215562 86580 110384 86385 73898 179225 147689 94790 120178 70862 60706 133976 0 0 0 0 0 0 0 0 
17 1625884 1433119 1857462 15101 12783 16979 7.833197 2.995962 16.439236 0 182793 104990 110392 54014 116505 36532 78381 102880 62766 65828 11119 170225 37445 75534 105965 147397 0 0 0 0 0 0 0 
18 1594292 1522611 1710366 16341 15222 17184 3.488805 2.525747 4.279582 0 156952 63969 121618 209686 109345 79712 48997 73778 72348 105139 85277 130819 80915 123325 77407 53620 117455 0 0 0 0 0 0 
19 1571661 1262386 1792067 18061 15474 22391 8.758785 2.722204 11.970888 0 113714 63622 51724 95466 91970 97431 56656 41913 46759 144468 52988 15818 83925 12068 81706 25642 55303 131207 0 0 0 0 0 
20 1779617 1587291 1911804 16419 15139 18627 3.867360 2.244965 6.715033 0 116137 64319 119556 84224 113147 62990 123103 118979 110220 95370 110238 70274 96889 91088 76404 141410 123447 84107 109896 0 0 0 0 
21 1893500 1673128 2076232 16283 14370 18664 3.625927 2.138252 6.264468 0 72588 87948 108056 124652 74452 139627 86400 71133 54402 66658 68963 90655 117850 124856 118072 123615 72810 68659 64604 124294 0 0 0 
22 1820490 1499912 2044473 18000 15609 21851 7.194196 4.069356 10.576838 0 63267 94925 124045 160671 23350 60401 47444 44096 62267 102268 66120 97154 18211 29053 17389 59300 37366 58635 98550 111999 123393 0 0 
23 1888970 1744049 2182920 18201 15274 19698 7.073668 2.525450 16.102818 0 59350 65773 89832 149457 91931 87070 83276 137358 110708 81002 102708 149886 90903 80694 81468 99944 85291 102753 127617 90902 103268 111722 0 
24 1831186 1619255 1952300 19472 18050 22058 11.215766 2.951816 27.989653 0 64818 43244 125023 86424 120391 43668 31593 84214 63223 82035 91381 113776 48676 109214 66266 111028 40737 38201 43668 93684 137708 113437 121389 
