jemalloc
4
24
400
21
4 368487 312927 391484 12309 11325 14389 1.452646 1.251599 1.675936 0 121535 109849 81543 0 0 0 0 0 0 0 0 0 0 0 0 0 0 0 0 0 0 0 0 
5 586628 515378 748040 10206 7303 11449 2.467800 1.406379 3.661694 0 134532 103116 150559 175653 0 0 0 0 0 0 0 0 0 0 0 0 0 0 0 0 0 0 0 
6 572448 468240 658262 13591 11322 16704 3.982430 1.996994 5.675736 0 132808 74185 135653 147852 148148 0 0 0 0 0 0 0 0 0 0 0 0 0 0 0 0 0 0 
7 566492 417542 658084 16782 13312 22993 4.070498 3.127007 4.892292 0 89316 32733 41331 36252 57765 160142 0 0 0 0 0 0 0 0 0 0 0 0 0 0 0 0 0 
8 718220 615209 809871 15135 13089 17319 5.064085 2.441710 11.839283 0 86294 126531 71309 44704 78685 118562 132963 0 0 0 0 0 0 0 0 0 0 0 0 0 0 0 0 
9 757419 611876 895986 16547 13395 20683 3.846265 2.805902 4.883361 0 58775 38920 83613 110751 43148 65332 42733 168599 0 0 0 0 0 0 0 0 0 0 0 0 0 0 0 
10 919022 764817 1065011 15419 12922 18315 5.355832 4.275786 6.390387 0 47045 110364 50854 60398 121675 127881 30433 86040 130125 0 0 0 0 0 0 0 0 0 0 0 0 0 0 
11 902812 850903 959887 17138 15824 18359 6.716887 2.495125 13.609047 0 58019 57031 92365 49285 80944 51488 52660 202912 75612 130583 0 0 0 0 0 0 0 0 0 0 0 0 0 
12 1125561 1056335 1178773 14955 14065 16101 4.894997 2.370649 7.005300 0 108004 97819 105169 49204 122320 141349 127308 56306 27667 90940 130246 0 0 0 0 0 0 0 0 0 0 0 0 
13 1165208 1068150 1316259 15771 13645 17577 6.967257 4.098317 13.944202 0 38965 156187 134448 117487 13632 116024 53264 93941 93657 151032 190096 157521 0 0 0 0 0 0 0 0 0 0 0 
14 1098195 950442 1223234 18709 16557 21406 7.637316 4.274055 13.066613 0 81091 93796 104727 161097 53452 56177 74542 60131 37692 72853 51619 93206 120691 0 0 0 0 0 0 0 0 0 0 
15 1229292 1006920 1610462 18274 12947 22036 11.040880 8.433065 14.214517 0 15772 137484 162079 130712 99821 114485 112286 137256 116758 125319 149665 89531 108418 110869 0 0 0 0 0 0 0 0 0 
16 1367600 1261183 1463689 16929 15633 18296 10.833096 2.894347 24.546812 0 56579 145685 66567 35800 135727 64758 130792 71097 45379 118951 100945 5935 119518 62057 132090 0 0 0 0 0 0 0 0 
17 1418141 1356685 1480002 17316 16277 18473 10.364552 3.105258 24.512226 0 105282 122524 69252 166870 115862 76850 78670 88230 75090 92396 61373 53738 73504 82164 101022 117170 0 0 0 0 0 0 0 
18 1326523 1171977 1455394 20133 17877 22995 25.343321 8.032368 46.118393 0 86824 146138 62083 8095 107395 103016 78577 53327 24528 16377 107937 127786 73416 85453 67849 73723 122679 0 0 0 0 0 0 
19 1456708 1366392 1537776 19550 18174 21072 7.935680 5.150867 14.916980 0 126176 81522 48112 96388 156433 43126 27336 38434 88557 70387 134211 43277 150135 40578 66397 65317 25858 126523 0 0 0 0 0 
20 1646283 1550307 1733331 17769 16489 19095 15.110430 5.023880 35.169422 0 4214 140378 71052 99545 57222 21959 7437 148215 108513 136284 132068 110645 98054 106425 79762 70526 67622 60379 107243 0 0 0 0 
21 1444597 1258128 1623230 21953 19188 25024 10.624463 1.988929 29.956196 0 113629 57286 118420 4627 4489 7959 36919 65328 71108 52304 94974 53540 55586 36286 75785 63500 68449 80269 63172 134493 0 0 0 
22 1675034 1559614 1863933 19599 17338 21146 7.036034 3.966596 12.722768 0 80920 70196 79467 51067 102840 87177 151225 51010 136726 150066 147899 129019 97798 121225 97587 56475 61492 25440 26364 38407 101527 0 0 
23 1669187 1480128 1765673 20552 19275 23513 12.202077 4.442272 17.211407 0 48754 105134 111282 81757 115979 48574 100839 74593 43942 69385 58749 125187 88376 84134 63100 109079 51323 62828 59021 108986 28181 98960 0 
24 1680398 1631644 1744268 21559 20744 22342 6.319093 2.354446 10.687545 0 117578 43541 106021 42708 71873 144086 43936 107445 59162 47159 75501 62835 15869 64473 40034 55101 126212 102213 49031 81161 71803 104786 111733 
