ptmalloc
4
24
400
21
4 261834 229416 289435 17845 16184 20268 1.294574 1.153095 1.471772 0 92272 117397 79766 0 0 0 0 0 0 0 0 0 0 0 0 0 0 0 0 0 0 0 0 
5 470171 404425 610027 13196 9482 15278 2.300570 2.123000 2.689477 0 76911 95203 92485 168315 0 0 0 0 0 0 0 0 0 0 0 0 0 0 0 0 0 0 0 
6 528884 500636 547594 14341 13813 15090 1.890951 1.482230 2.688955 0 119773 54956 89844 112713 147776 0 0 0 0 0 0 0 0 0 0 0 0 0 0 0 0 0 0 
7 633988 611959 653321 14385 13937 14967 1.812333 1.569429 2.131415 0 89053 102179 82983 130237 90372 117133 0 0 0 0 0 0 0 0 0 0 0 0 0 0 0 0 0 
8 689519 621919 745620 15515 14014 17227 1.996504 1.718813 2.538040 0 71904 82104 78183 83247 71269 112712 122498 0 0 0 0 0 0 0 0 0 0 0 0 0 0 0 0 
9 852884 785276 908105 14272 13232 15583 2.428414 1.724950 3.436718 0 112212 105259 116460 117931 116192 81319 87756 170974 0 0 0 0 0 0 0 0 0 0 0 0 0 0 0 
10 856740 808054 927978 16042 14455 16784 2.327370 1.856495 2.705378 0 74301 98415 94758 114442 93319 92537 109225 113038 137940 0 0 0 0 0 0 0 0 0 0 0 0 0 0 
11 1005185 919699 1054768 15114 14175 16689 3.468076 1.806481 4.965955 0 33132 108028 113322 87692 118746 68007 65324 127503 108009 164533 0 0 0 0 0 0 0 0 0 0 0 0 0 
12 1098276 1058007 1119728 15305 14923 15952 2.236014 1.629646 3.112029 0 60931 100070 44521 109229 120415 131900 73302 109966 114448 54670 138551 0 0 0 0 0 0 0 0 0 0 0 0 
13 1170593 1083074 1253543 15622 14623 16945 3.386231 2.457081 4.034863 0 75778 86968 94687 175417 96037 43475 129092 136297 87589 106798 71319 150082 0 0 0 0 0 0 0 0 0 0 0 
14 1202403 1179559 1257305 16708 15901 17036 2.777021 1.997998 3.876478 0 62538 94591 103057 66562 62384 114032 79747 110370 125159 118895 90981 85176 143808 0 0 0 0 0 0 0 0 0 0 
15 1229322 1095119 1337691 17632 16029 19673 3.367404 2.030200 4.870294 0 46907 111345 103094 111344 81356 120450 60069 88120 70533 114734 71292 77728 73723 151690 0 0 0 0 0 0 0 0 0 
16 1296964 1246296 1360122 17858 16932 18709 3.524798 2.846487 5.012722 0 29999 74517 45849 150378 97561 62213 82938 122731 112126 68901 84533 109316 127168 54627 137261 0 0 0 0 0 0 0 0 
17 1361829 1275713 1418842 18186 17220 19480 3.431596 2.141298 4.369867 0 63343 43117 60459 112230 77940 93027 79647 83161 80608 130940 88127 90542 76533 107832 70581 119481 0 0 0 0 0 0 0 
18 1369767 1345728 1431922 19363 18571 19676 3.336776 2.642710 4.095494 0 49074 40020 59201 87392 83910 130315 71659 94618 76246 77744 81374 87723 34690 60715 79958 104758 128056 0 0 0 0 0 0 
19 1432760 1271025 1627114 19657 17027 22298 2.819897 2.354588 3.582469 0 47054 107141 87533 84849 72057 95741 90630 74947 64387 78700 88048 51287 40312 63104 53120 86443 47112 119780 0 0 0 0 0 
20 1355779 1301862 1452071 22029 20208 23153 3.072012 2.268455 3.821110 0 41359 95486 84971 52296 102872 56360 53007 84827 52132 68592 88273 40040 60110 36938 76020 79883 67403 59752 101534 0 0 0 0 
21 1502382 1416547 1596740 20869 19703 22168 3.751600 2.943471 4.957752 0 42503 52621 84918 110811 84272 69049 86186 62255 81465 42014 77571 47046 39336 79332 60144 105689 74988 59964 65530 115786 0 0 0 
22 1515903 1377758 1584547 21856 20817 24038 3.985846 3.528335 4.889934 0 25454 63476 63271 31349 48752 44387 31363 53330 46430 80188 63185 103888 124470 96259 79915 73608 53786 88503 48839 40770 116528 0 0 
23 1615792 1540073 1722359 21364 19952 22402 3.741426 2.193046 4.900819 0 25164 40643 77014 56278 61586 62178 92469 116512 40993 111155 91446 62532 77673 71167 106174 67276 65869 87151 50944 47126 36993 91723 0 
24 1745647 1529811 2265877 21328 15982 23700 5.401193 2.400130 7.848547 0 24251 75463 81379 114477 92803 99968 88239 86076 107273 85729 89228 95479 114733 95585 82747 86252 80444 115702 103752 139362 108307 108281 190340 
