scalloc
4
24
400
21
4 276736 122923 399297 20904 11205 39909 2.396718 1.501582 3.226882 0 56631 148170 145369 0 0 0 0 0 0 0 0 0 0 0 0 0 0 0 0 0 0 0 0 
5 508695 355164 600077 12326 9321 17489 3.220801 1.541444 4.927517 0 49124 41696 85243 179100 0 0 0 0 0 0 0 0 0 0 0 0 0 0 0 0 0 0 0 
6 574054 400290 750470 13934 9552 19461 2.785635 1.789072 4.018854 0 109445 101945 75352 38771 155815 0 0 0 0 0 0 0 0 0 0 0 0 0 0 0 0 0 0 
7 726347 619369 824323 12444 10643 14798 5.045187 2.309442 8.258934 0 70564 81696 97549 162965 130098 148680 0 0 0 0 0 0 0 0 0 0 0 0 0 0 0 0 0 
8 906712 702821 1156385 11987 8556 15059 3.999393 2.202846 6.028721 0 46836 69586 97281 113137 114090 101490 160398 0 0 0 0 0 0 0 0 0 0 0 0 0 0 0 0 
9 954377 763006 1185058 13144 9873 16111 4.752682 2.139072 9.203909 0 125205 93165 55528 134709 34233 73751 58177 188235 0 0 0 0 0 0 0 0 0 0 0 0 0 0 0 
10 1075493 941335 1315928 12772 9887 14559 2.875202 2.257117 3.596026 0 80978 75404 125362 57804 187429 170876 80891 52121 142157 0 0 0 0 0 0 0 0 0 0 0 0 0 0 
11 1150325 1024938 1245418 13298 12124 15323 7.290267 3.318635 10.857988 0 42501 21841 95688 169591 115195 154867 105427 237149 75127 140933 0 0 0 0 0 0 0 0 0 0 0 0 0 
12 1200323 910064 1474399 14175 10822 18502 8.322533 3.112633 12.546469 0 95948 119058 49565 15350 52506 78397 44394 192596 89413 37052 135780 0 0 0 0 0 0 0 0 0 0 0 0 
13 1290972 1187871 1347075 13957 13102 15530 4.701318 3.371732 5.835542 0 114896 75400 106757 55052 124792 139833 39788 54175 180876 76809 56471 163019 0 0 0 0 0 0 0 0 0 0 0 
14 1508603 1401004 1652489 12860 11542 13866 10.348382 4.181329 18.632717 0 129875 147919 105900 47510 67903 77848 117285 231045 54396 142833 97256 39675 141556 0 0 0 0 0 0 0 0 0 0 
15 1332630 1208480 1473164 16165 14233 17880 12.646370 6.476286 22.771217 0 127568 163766 136828 16406 88038 146075 100079 212235 71506 58249 197042 9320 9789 136257 0 0 0 0 0 0 0 0 0 
16 1802108 1681098 1988876 12428 11171 13249 5.157934 1.310314 10.987727 0 111290 98123 124438 123532 120135 122226 121507 109377 120346 123171 94968 99516 96229 98011 118224 0 0 0 0 0 0 0 0 
17 1607094 1233582 1948606 15614 12004 20087 7.617151 3.918604 16.426765 0 112862 61580 67740 149556 101970 108382 94429 131525 132454 101433 155998 41861 137204 164038 76579 130209 0 0 0 0 0 0 0 
18 1560267 1382070 1931139 17126 13475 19091 8.503813 3.378777 15.267969 0 82832 72502 43183 198850 92334 88612 154094 16631 126980 101157 23542 69422 25261 17906 77281 179505 137447 0 0 0 0 0 0 
19 1794867 1423042 2037087 15562 12898 19659 8.511980 3.666613 21.711937 0 119903 108579 103676 114349 91757 72585 121086 45320 103550 52014 166173 112378 151631 135229 119403 141911 159599 117935 0 0 0 0 0 
20 1772417 1439912 1986362 16697 14475 20456 5.120743 3.361408 9.242043 0 115521 116692 121455 110170 141496 54127 64134 58642 139696 138654 107551 92558 67609 35622 131936 78647 73029 90075 103656 0 0 0 0 
21 1933122 1712423 2134475 15867 14051 18124 6.428981 4.124784 10.680528 0 54976 99395 29528 145474 95925 65483 109230 92274 95106 109485 94583 159127 182080 155164 47363 138936 149812 123240 78469 108820 0 0 0 
22 1862591 1840394 1892483 17271 16754 17568 13.061683 5.033920 23.484325 0 118390 93772 112047 39722 48529 108379 99268 53564 89294 97967 89303 116020 185033 19646 7879 96160 17791 90948 117392 120176 119108 0 0 
23 1938669 1563372 2159421 17700 15494 22312 12.583859 4.841823 25.791525 0 76143 118677 121219 154476 129374 155955 116463 104538 156468 32316 112909 75192 96864 49350 136346 124879 36166 35684 48408 111555 65864 100567 0 
24 1876622 1606005 2050119 19105 17300 22373 9.220549 4.842683 17.534729 0 70734 74371 74022 110163 80645 86386 104767 26869 69683 88334 98777 116077 81686 59459 114670 71076 82781 130119 70061 67239 92181 60800 110705 
