SuperMalloc
4
24
400
21
4 322522 251716 403983 14386 10616 17756 2.276488 1.287739 3.618973 0 135292 161398 83765 0 0 0 0 0 0 0 0 0 0 0 0 0 0 0 0 0 0 0 0 
5 512333 442791 593113 11930 9996 13645 2.570185 2.037610 3.020505 0 77106 92961 115609 157113 0 0 0 0 0 0 0 0 0 0 0 0 0 0 0 0 0 0 0 
6 551675 410537 645532 14053 11321 18429 3.050919 1.617978 4.223331 0 35658 79961 56848 95466 142602 0 0 0 0 0 0 0 0 0 0 0 0 0 0 0 0 0 0 
7 601586 467136 732733 15845 12528 19991 5.001122 1.987892 11.818773 0 12755 121111 105575 46133 30803 150756 0 0 0 0 0 0 0 0 0 0 0 0 0 0 0 0 0 
8 874847 742475 978559 11949 10312 14101 7.200594 2.558016 12.334639 0 176469 86085 60048 140515 169445 35928 140166 0 0 0 0 0 0 0 0 0 0 0 0 0 0 0 0 
9 901595 796720 1153860 13672 10248 15416 2.827580 2.371146 3.706901 0 89118 78670 84964 75692 78065 182074 49117 159017 0 0 0 0 0 0 0 0 0 0 0 0 0 0 0 
10 991976 906805 1154010 13756 11504 14895 4.370079 2.946878 6.244027 0 168656 166951 115488 97199 57729 135582 170120 112392 129889 0 0 0 0 0 0 0 0 0 0 0 0 0 0 
11 919070 862734 1001175 16710 15515 17826 3.633674 3.035087 4.197368 0 44065 69677 84305 184957 49957 49719 50411 167521 163254 137306 0 0 0 0 0 0 0 0 0 0 0 0 0 
12 999927 874766 1164546 17145 14401 19309 4.981833 2.844773 10.495795 0 57864 65256 92193 54225 45305 84880 86360 92796 67941 99059 128884 0 0 0 0 0 0 0 0 0 0 0 0 
13 1126695 1007826 1240953 16486 14476 18315 7.196301 2.499614 11.894128 0 78899 78534 70107 160886 87940 131579 93569 86073 111038 64364 144986 132974 0 0 0 0 0 0 0 0 0 0 0 
14 1155858 1139049 1195761 17341 16630 17733 7.874094 4.980731 10.447393 0 107908 98187 89531 170258 34183 70673 62415 106266 132223 87346 69546 42071 125152 0 0 0 0 0 0 0 0 0 0 
15 1260921 916470 1622550 17683 12559 24058 7.900105 3.203366 11.565375 0 38827 34114 88422 110954 11666 59216 74321 121987 87687 54576 61227 21365 17183 134921 0 0 0 0 0 0 0 0 0 
16 1276986 1169819 1415622 18293 16028 20251 15.697330 4.452630 31.314728 0 69483 53401 92850 138792 76432 16975 187984 124974 56826 45540 37998 154044 156791 89237 114289 0 0 0 0 0 0 0 0 
17 1405672 1198147 1493916 17823 16474 21001 11.984624 2.090872 27.942059 0 145856 156726 65897 65040 122464 74645 48183 80650 137621 102254 42052 75301 63757 109685 64022 107895 0 0 0 0 0 0 0 
18 1313863 1170628 1503748 20290 17322 22983 9.030795 3.046855 13.173271 0 87044 33262 107454 16348 146596 85353 112177 50184 68234 52007 124280 79914 37734 54376 93348 91767 108456 0 0 0 0 0 0 
19 1428120 1314020 1562174 19878 17802 21918 7.152712 3.676867 11.101171 0 46022 108405 112957 106609 110944 113150 61785 70707 104392 84459 55289 102460 30773 46394 79976 62748 68560 111640 0 0 0 0 0 
20 1372998 1201160 1556602 21987 18806 25390 7.458711 3.945794 14.857142 0 95897 64396 31955 51474 85493 57278 56307 57528 101062 32062 113538 136745 50823 109306 37320 117946 68979 74959 113759 0 0 0 0 
21 1557060 1414672 1706366 20059 18042 22261 20.031752 6.737510 39.375813 0 88253 108179 111740 100096 47903 9751 77469 111869 100317 119170 5831 36611 65793 99670 91404 65115 81564 18618 54541 96812 0 0 0 
22 1466908 1318343 1593685 22480 20531 24954 9.492096 3.405107 23.577290 0 122610 51402 53928 17432 47104 32384 47775 103904 91652 80709 36991 37423 26786 78431 73664 103078 41249 81122 62194 21384 107114 0 0 
23 1516759 1344479 1716847 23108 19779 25877 6.381686 3.185322 9.908560 0 89004 67418 96320 104758 59853 30927 42242 36744 108873 26436 117123 139851 69849 101621 102222 79079 74062 85645 75407 83083 46050 80272 0 
24 1548647 1488652 1650852 23616 21983 24569 6.070767 3.132092 12.171000 0 95386 94666 60477 48334 58032 48059 129937 82176 95454 88416 23479 120625 29210 38088 78777 84018 82892 22492 32465 32772 120212 85723 99155 
