tcmalloc
4
24
400
21
4 277372 122256 358298 20299 12474 39796 1.974727 1.106346 3.345333 0 94670 81619 182008 0 0 0 0 0 0 0 0 0 0 0 0 0 0 0 0 0 0 0 0 
5 507183 334825 670328 12756 8523 18843 5.469093 1.644801 10.274964 0 146703 109977 17789 182781 0 0 0 0 0 0 0 0 0 0 0 0 0 0 0 0 0 0 0 
6 530291 455322 654130 14823 11190 17086 4.778397 1.227663 8.573749 0 112862 38906 34391 101241 167921 0 0 0 0 0 0 0 0 0 0 0 0 0 0 0 0 0 0 
7 777620 695624 929279 11425 9165 13096 3.182410 2.101127 5.876648 0 80611 100496 169375 130567 107020 140841 0 0 0 0 0 0 0 0 0 0 0 0 0 0 0 0 0 
8 834590 776434 917396 12726 11291 14027 2.546651 1.804708 3.670351 0 160487 110164 138453 43725 141659 58905 155107 0 0 0 0 0 0 0 0 0 0 0 0 0 0 0 0 
9 940598 772372 1040849 13000 11269 16061 3.922214 2.657038 5.181965 0 148625 70580 143151 100477 110515 187534 89059 170204 0 0 0 0 0 0 0 0 0 0 0 0 0 0 0 
10 997699 806522 1258936 14366 10370 17680 3.788713 2.660596 5.075967 0 71222 38395 91474 48782 148167 77629 73611 126167 152596 0 0 0 0 0 0 0 0 0 0 0 0 0 0 
11 1206985 1012445 1381931 12422 10327 14857 3.784492 1.763401 5.168612 0 138254 182595 82768 78295 146692 165119 145959 35327 119170 149676 0 0 0 0 0 0 0 0 0 0 0 0 0 
12 1256119 1094740 1568804 13362 10304 15173 8.391394 2.624452 22.398729 0 72119 88957 86453 56041 150962 146780 108721 74830 127091 32477 150305 0 0 0 0 0 0 0 0 0 0 0 0 
13 1301135 1200150 1432336 13889 12028 15165 3.657459 2.326445 5.475673 0 127390 108501 87087 130502 114731 139802 119956 131558 55361 95445 28665 156962 0 0 0 0 0 0 0 0 0 0 0 
14 1502196 1333339 1722115 13033 10954 14893 4.164920 2.670777 6.765894 0 130473 58079 83156 156158 70411 79824 65190 118117 67222 97846 119760 144021 143079 0 0 0 0 0 0 0 0 0 0 
15 1528081 1453473 1606703 13791 12771 14592 6.060472 4.793191 8.997442 0 87077 68148 55594 63579 93049 136295 160540 161355 41805 148582 91750 209055 150954 138916 0 0 0 0 0 0 0 0 0 
16 1659018 1342969 1833253 13714 11874 17087 5.814299 2.535438 7.007010 0 112723 87153 145171 51798 38053 91837 52354 262078 178578 68278 222766 66110 208110 104585 143655 0 0 0 0 0 0 0 0 
17 1497965 1244465 1750006 16805 13893 20169 6.805582 3.203458 9.280036 0 143951 51078 50325 185067 44479 104448 22586 105904 131513 93238 144979 43907 47698 61836 53570 142066 0 0 0 0 0 0 0 
18 1852677 1735764 2004880 13756 12623 14891 3.671980 2.833976 5.513738 0 132635 166703 98345 63808 92427 109270 156833 72924 145629 120477 49313 56683 60414 58810 59207 150464 141817 0 0 0 0 0 0 
19 1754780 1489498 1941621 15813 14127 18702 6.648718 2.017940 15.231662 0 62277 128415 158606 76832 136967 109926 85765 74048 71022 72013 75766 33864 173815 87230 74043 102704 100289 140209 0 0 0 0 0 
20 1770471 1615540 1902066 16569 15156 18318 4.688410 2.343408 6.450558 0 112592 71912 32155 87664 57810 117312 66073 53769 77949 110088 58283 39192 99385 56672 147125 117925 135255 122150 139515 0 0 0 0 
21 1887535 1724695 2210652 16467 13630 18156 5.286297 2.531248 9.629983 0 88063 90592 135933 187606 82839 101627 104543 139540 116513 106604 108807 145908 61272 71413 93064 118913 164696 116216 56800 119695 0 0 0 
22 1972867 1912281 2065154 16223 15458 16737 8.553097 4.126547 13.599284 0 60863 97747 63819 149492 148223 51260 83859 19973 115153 154561 95677 62272 128307 74311 69654 89190 79110 103702 78718 115024 123366 0 0 
23 1848896 1699941 2044550 18513 16368 20493 7.707988 4.426257 10.817185 0 129776 64020 69370 101658 74273 62613 51234 57567 89617 102577 36297 87374 61949 64092 160661 45152 46930 44880 121151 74094 87244 105549 0 
24 2151033 1937729 2330884 16455 15256 18282 4.907947 4.011944 5.670151 0 136055 121536 163837 46496 56105 63597 91510 73791 79221 129430 63693 114273 129530 67742 115885 100968 150595 96228 80051 77095 91334 95364 186540 
