Custom_Allocator
2
20
350
17
4 369040 273695 461623 11301 8519 14959 1.440844 1.137479 1.779492 0 0 195411 121589 0 0 0 0 0 0 0 0 0 0 0 0 0 0 0 0 
5 471834 384142 579855 13287 10314 16205 1.426574 1.228640 1.778518 0 0 177309 130938 131482 0 0 0 0 0 0 0 0 0 0 0 0 0 0 0 
6 555069 349405 862169 16469 9059 24172 1.645467 1.217034 2.085056 0 0 89723 96736 83459 79485 0 0 0 0 0 0 0 0 0 0 0 0 0 0 
7 470241 277725 758621 26726 13198 38426 3.547504 2.413062 4.972916 0 0 180713 49044 243891 135419 149552 0 0 0 0 0 0 0 0 0 0 0 0 0 
8 453875 177700 641106 36373 19406 73478 4.004152 1.729039 8.865556 0 0 6763 13180 10890 39035 59963 47867 0 0 0 0 0 0 0 0 0 0 0 0 
9 639718 573530 732289 23039 19833 25617 6.570375 3.225516 14.271430 0 0 49019 160708 51339 127228 152051 94251 97690 0 0 0 0 0 0 0 0 0 0 0 
10 535398 192966 771574 43043 21711 90389 4.515244 1.823691 8.247839 0 0 12286 14085 13682 11964 38969 42847 30076 29055 0 0 0 0 0 0 0 0 0 0 
11 689925 419654 826818 29864 22854 46050 14.878241 3.503224 28.319492 0 0 103339 171871 154087 6069 47207 20236 91321 91802 102268 0 0 0 0 0 0 0 0 0 
12 573672 186203 1173204 60970 17558 116860 7.856218 3.678739 11.647064 0 0 126141 71173 65349 62468 144273 211295 59105 217434 103337 112626 0 0 0 0 0 0 0 0 
13 906828 431812 1329411 32302 17076 55214 14.221546 5.627068 29.576441 0 0 56058 9864 31587 122670 12148 23847 82942 10287 100540 79274 84383 0 0 0 0 0 0 0 
14 742122 397058 1003914 39600 25535 65804 19.967567 6.304717 38.392353 0 0 68764 81832 5696 53981 70610 90107 61389 136639 112930 126957 92233 102771 0 0 0 0 0 0 
15 814223 377496 1092130 40613 25272 75078 14.367104 2.611512 30.147530 0 0 60864 86578 57918 51737 108176 85306 92059 70326 78086 55116 80331 130516 135112 0 0 0 0 0 
16 787647 666393 926289 38922 32480 45637 4.025082 3.182599 4.777672 0 0 34321 29523 40852 60205 54496 57781 66785 55835 37853 50079 54001 51313 91915 93962 0 0 0 0 
17 714779 439656 1025201 49798 31448 74206 3.395395 3.064569 3.754184 0 0 25130 28397 32240 42135 43968 47361 42027 42100 40293 41027 41721 38041 40090 90181 92601 0 0 0 
18 849332 781143 994911 41092 34578 44283 6.002419 3.874535 7.470493 0 0 57433 45749 13550 40197 23880 51735 50033 43894 45556 49467 46621 42363 46973 44251 100286 101227 0 0 
19 947168 612442 1198680 41475 30338 60391 3.254853 2.775813 3.493989 0 0 39598 59540 68644 57244 39347 62319 61176 63790 68287 64544 63603 62810 85979 64957 64915 134442 137480 0 
20 1002018 703180 1228008 40912 31402 55548 4.669742 3.972759 5.443834 0 0 44944 26765 49806 40103 27119 32069 22587 50751 46398 46681 52625 46143 47294 42265 48153 51049 95587 98441 
