Hoard
2
20
350
17
4 95307 50971 164521 55549 25154 85349 1.739439 1.196399 2.362375 0 0 58771 46212 0 0 0 0 0 0 0 0 0 0 0 0 0 0 0 0 
5 159779 77256 255581 52086 23724 84539 2.433439 1.359699 5.439404 0 0 100857 80548 74176 0 0 0 0 0 0 0 0 0 0 0 0 0 0 0 
6 387565 267599 660524 24496 12390 31654 2.602333 1.544830 4.409020 0 0 101600 23043 90216 81116 0 0 0 0 0 0 0 0 0 0 0 0 0 0 
7 290344 227905 402244 38865 26069 47441 8.898189 1.389102 15.872544 0 0 58625 7463 12093 73189 76534 0 0 0 0 0 0 0 0 0 0 0 0 0 
8 395029 315872 486008 33060 25883 40907 5.339401 2.915391 12.344502 0 0 52915 71016 66639 32805 93811 95641 0 0 0 0 0 0 0 0 0 0 0 0 
9 275645 103550 431188 76347 34477 148105 7.898069 3.446991 17.901747 0 0 55405 63683 32821 55817 113136 54582 55742 0 0 0 0 0 0 0 0 0 0 0 
10 343816 166207 492231 58957 34534 104592 9.438572 3.338879 14.707253 0 0 86999 31056 31894 6466 10707 18912 76229 69037 0 0 0 0 0 0 0 0 0 0 
11 491159 395535 569254 39900 33576 48993 20.135355 3.971058 43.254681 0 0 22768 97880 17498 23159 12811 29451 14761 84918 92284 0 0 0 0 0 0 0 0 0 
12 345413 250940 465223 66540 45681 85980 6.031862 3.479319 9.610263 0 0 27090 27251 9243 28354 27913 32161 25486 26438 23629 23371 0 0 0 0 0 0 0 0 
13 249775 117588 346664 114888 68896 206421 14.195175 3.109718 27.665558 0 0 14011 15871 39145 30600 39415 15979 24170 21595 31175 39156 43572 0 0 0 0 0 0 0 
14 370216 225672 551113 78571 46611 115674 5.491035 2.408613 10.688752 0 0 54460 39744 37833 30201 32655 11034 14349 53826 33321 13032 47656 43530 0 0 0 0 0 0 
15 391493 207270 554276 84378 50801 136694 24.797882 5.271173 59.111912 0 0 50686 25425 22461 23723 20477 30452 34641 36657 33712 31258 29302 107536 107941 0 0 0 0 0 
16 739977 670380 916625 41627 32876 45367 4.229841 2.458959 6.051043 0 0 57542 73460 63847 54928 38100 34994 52083 74206 55732 75206 66309 42107 114281 113826 0 0 0 0 
17 623409 404672 947802 57837 33907 80741 2.671324 2.245986 3.464040 0 0 22373 23717 26244 17229 24736 27853 19208 22826 32292 28905 23299 27454 28655 39941 39934 0 0 0 
18 504885 203240 820108 90869 42102 173506 4.043109 2.849600 5.729651 0 0 13245 7500 9426 14208 12206 11047 12574 9479 12574 10431 13827 11231 12272 10536 21372 21309 0 0 
19 391726 345454 456072 95643 81421 107495 15.402414 2.760250 35.550522 0 0 8537 2733 47749 23906 20499 23108 23070 21744 23380 19570 22594 31384 19881 27944 27783 56058 56127 0 
20 493523 241677 661809 92264 59063 163283 6.009555 2.945698 8.362290 0 0 33989 13300 28562 31504 32644 29568 42079 27486 39262 30864 34625 30599 33852 30480 32662 32016 79226 79084 
