jemalloc
2
20
350
17
4 428909 250332 620368 10348 5897 16782 1.675657 1.413744 2.121223 0 0 185357 262048 0 0 0 0 0 0 0 0 0 0 0 0 0 0 0 0 
5 584416 379466 667323 10869 8772 16315 1.750188 1.446038 1.935731 0 0 116627 155384 107455 0 0 0 0 0 0 0 0 0 0 0 0 0 0 0 
6 157615 89600 304820 70415 27272 97857 3.218897 1.573016 4.400476 0 0 128290 29153 54550 92826 0 0 0 0 0 0 0 0 0 0 0 0 0 0 
7 240078 89888 427436 70423 24586 121532 4.828463 3.366193 6.230302 0 0 102945 29109 109519 21437 74746 0 0 0 0 0 0 0 0 0 0 0 0 0 
8 272057 95005 624277 79904 20349 138388 9.020813 2.302176 26.765966 0 0 66983 110819 71053 139591 154206 81624 0 0 0 0 0 0 0 0 0 0 0 0 
9 156915 22262 348650 262960 43097 693605 6.027939 1.115278 17.592356 0 0 62900 97131 17549 13363 5877 48426 103402 0 0 0 0 0 0 0 0 0 0 0 
10 255955 122264 451680 92630 37749 143599 6.462381 3.470150 12.462503 0 0 6934 24064 12564 22396 13993 22354 14331 12615 0 0 0 0 0 0 0 0 0 0 
11 391517 89900 616303 86324 31098 220839 9.869380 5.089829 13.446083 0 0 29397 14646 50785 49768 18650 19969 52014 31545 74547 0 0 0 0 0 0 0 0 0 
12 281607 122997 611770 110374 34828 179260 10.524100 5.521338 16.899149 0 0 41806 45027 41673 56453 134969 35341 85141 24015 76022 71319 0 0 0 0 0 0 0 0 
13 231136 33306 551315 278658 42490 730706 9.886773 2.480802 17.315527 0 0 4910 2131 1982 4717 4634 1993 2044 1982 1979 4814 2116 0 0 0 0 0 0 0 
14 384189 189235 759390 87977 33515 139179 28.859379 7.080131 64.673401 0 0 115316 7984 118180 3154 61390 3150 203764 4345 9170 64252 45825 122858 0 0 0 0 0 0 
15 762574 700848 880827 36966 31634 39910 4.675372 3.578717 7.425473 0 0 14771 51378 57253 59171 54504 57060 61082 56157 51447 61701 50661 60129 109681 0 0 0 0 0 
16 470045 124571 760253 105960 39708 248072 10.883698 10.204976 12.268780 0 0 12021 6792 4930 25991 26061 26278 26011 29163 31179 23489 24231 24299 28511 52239 0 0 0 0 
17 547395 364874 707947 63840 45829 89905 37.814548 3.980438 74.571564 0 0 14277 2927 1905 18115 26406 22336 25833 22368 27227 26507 25591 26280 26264 20611 78222 0 0 0 
18 483983 34233 703014 299719 49004 1033470 14.220140 3.320010 24.661901 0 0 20695 13867 17445 5520 18281 48115 49638 58929 49351 48952 54462 47932 46156 50699 61804 111163 0 0 
19 576235 165938 872429 96400 41977 225500 17.301493 3.997709 41.039017 0 0 23494 70055 23544 23688 22898 23264 38024 48124 47198 41138 44338 36964 39387 33998 60330 36691 93769 0 
20 462564 171699 624753 111717 62676 230759 9.717861 3.254907 21.015030 0 0 23873 33971 25497 33543 10849 25534 35002 38482 33548 34236 37044 34613 34912 31237 33610 32816 40037 72504 
