ptmalloc
2
20
350
17
4 47751 41224 55041 92457 79219 106408 1.830399 1.514088 2.257384 0 0 32608 14445 0 0 0 0 0 0 0 0 0 0 0 0 0 0 0 0 
5 46296 30540 57575 150650 113184 215340 3.430697 2.618788 4.680043 0 0 31602 13905 12067 0 0 0 0 0 0 0 0 0 0 0 0 0 0 0 
6 41515 31176 58477 223385 150208 278254 9.711874 3.575038 17.112370 0 0 1664 4262 19270 5978 0 0 0 0 0 0 0 0 0 0 0 0 0 0 
7 24940 19437 33273 455556 328089 563381 6.040316 4.148880 7.683357 0 0 4272 4733 1786 6523 7412 0 0 0 0 0 0 0 0 0 0 0 0 0 
8 15866 14293 18275 838833 722020 923779 12.544371 4.195257 25.350000 0 0 325 240 3025 1606 6084 3012 0 0 0 0 0 0 0 0 0 0 0 0 
9 16535 8872 21845 1066421 702808 1737429 15.616151 2.450495 38.680351 0 0 567 2120 2046 2218 725 833 5236 0 0 0 0 0 0 0 0 0 0 0 
10 15238 14486 16662 1157221 1055864 1213647 11.698713 4.767211 24.141956 0 0 964 490 211 462 331 4749 2536 5102 0 0 0 0 0 0 0 0 0 0 
11 16081 6843 25457 1620689 777754 2884987 11.481104 7.061139 18.557659 0 0 2292 480 446 1916 3395 4010 1039 4658 3303 0 0 0 0 0 0 0 0 0 
12 9791 6008 13365 2565275 1640949 3673454 46.348980 5.211625 78.882355 0 0 1652 115 490 1844 1552 480 92 68 135 322 0 0 0 0 0 0 0 0 
13 6627 4722 10146 3968635 2393085 5136626 4.632856 3.548020 6.000000 0 0 412 432 423 407 442 429 423 1839 419 442 426 0 0 0 0 0 0 0 
14 11759 8268 14967 2365174 1771101 3199052 9.704766 4.636762 18.542801 0 0 188 3177 698 679 171 678 673 229 666 192 200 713 0 0 0 0 0 0 
15 16986 4711 34039 3502133 842356 6084075 11.502074 2.014150 27.452631 0 0 2100 1369 1591 1852 1368 1974 1366 1577 1585 1736 2322 2751 2752 0 0 0 0 0 
16 6652 826 14675 12686106 2112231 37424624 1.444196 1.046243 1.777076 0 0 58 59 59 59 59 59 59 58 59 58 59 57 60 60 0 0 0 0 
17 5005 1175 8313 11727573 3992277 28233254 1.469922 1.032558 1.900657 0 0 431 659 713 695 408 407 695 406 407 406 661 439 440 771 771 0 0 0 
18 4196 1527 5536 11023190 6381014 23115140 1.142589 1.100484 1.225694 0 0 313 310 313 311 312 315 313 312 313 313 312 313 311 330 341 344 0 0 
19 6676 4704 9587 6003927 3912047 7969716 2.845065 1.025165 8.264318 0 0 267 270 622 269 75 273 271 273 625 568 270 328 566 269 326 621 621 0 
20 9332 7290 10859 4373704 3671740 5461914 1.775312 1.505800 2.043685 0 0 666 667 357 713 351 717 393 393 395 393 394 393 393 393 392 393 711 715 
