scalloc
2
20
350
17
4 116282 24593 173250 66642 23829 179200 1.665942 1.427869 1.833513 0 0 72639 45880 0 0 0 0 0 0 0 0 0 0 0 0 0 0 0 0 
5 154360 112280 212976 45083 30248 57655 4.357906 1.548742 11.596349 0 0 28841 51964 35072 0 0 0 0 0 0 0 0 0 0 0 0 0 0 0 
6 261613 77785 461974 49279 17684 111703 2.069778 1.628898 3.056357 0 0 85450 52459 70503 70880 0 0 0 0 0 0 0 0 0 0 0 0 0 0 
7 352282 123107 558402 40925 18145 88114 4.006309 2.679117 5.874613 0 0 18957 12681 33975 26349 31143 0 0 0 0 0 0 0 0 0 0 0 0 0 
8 332509 279615 395427 39068 32158 46497 5.351329 2.685502 6.841481 0 0 15932 100418 43144 14770 34407 99491 0 0 0 0 0 0 0 0 0 0 0 0 
9 542982 278478 772151 31258 18314 54010 21.398523 4.666293 64.372849 0 0 88029 34456 3152 123246 202924 19167 132587 0 0 0 0 0 0 0 0 0 0 0 
10 529488 304985 734894 37030 22750 56660 15.506049 2.550204 33.162209 0 0 141074 30287 100380 42420 40513 42973 210446 126800 0 0 0 0 0 0 0 0 0 0 
11 486396 355834 730393 42267 25492 54010 18.565584 6.786545 47.963367 0 0 65270 95571 2696 98309 11576 2074 99508 6962 46868 0 0 0 0 0 0 0 0 0 
12 481196 291421 745591 49886 28000 73795 16.768902 3.326791 32.715439 0 0 63530 59515 29836 33082 3151 64918 54573 1984 26684 47423 0 0 0 0 0 0 0 0 
13 530494 348241 863325 50344 26706 68096 5.975298 3.245692 8.210453 0 0 49706 32487 33297 30348 37762 31375 10274 13764 33539 50364 47546 0 0 0 0 0 0 0 
14 452678 328612 508003 58700 49914 79193 11.429121 7.351139 14.230913 0 0 11939 7321 9578 16939 104194 95798 73051 38888 15069 14944 58640 61640 0 0 0 0 0 0 
15 1072001 266323 1715171 42431 15641 105994 3.976543 2.265594 6.291266 0 0 53886 81613 97208 84311 94107 120929 119538 104272 122085 115656 101838 65605 120429 0 0 0 0 0 
16 1541858 948108 1876065 20425 15418 31456 3.050915 2.831298 3.631981 0 0 97565 97143 69232 121123 173296 165702 128373 116685 82637 160239 138493 159096 167477 198999 0 0 0 0 
17 1440945 1257610 1669583 22089 18618 24964 2.871353 2.320672 4.381510 0 0 75536 64094 49588 103997 76228 99274 77686 116917 102740 75765 66225 77122 92601 60940 118892 0 0 0 
18 1318236 1065584 1575490 26242 21254 32106 2.920001 2.550836 3.283031 0 0 49539 103927 42469 100825 58381 64174 52988 56604 71137 78114 67274 58480 53043 82723 40742 85160 0 0 
19 1090994 1021835 1194075 33415 30348 35795 3.528649 2.453664 5.170782 0 0 62292 42695 102398 79765 23031 77546 66253 35897 74293 43899 47501 46233 76983 58339 48150 100618 119090 0 
20 1041750 915537 1138474 37234 33719 42109 2.946148 2.225152 3.655260 0 0 37188 65548 58548 89758 52409 94986 52085 62597 30987 69625 59708 57363 54155 78908 36290 80109 44778 97810 
