SuperMalloc
2
20
350
17
4 435671 347695 574466 9154 6231 11393 1.202584 1.015538 1.375477 0 0 172507 175187 0 0 0 0 0 0 0 0 0 0 0 0 0 0 0 0 
5 471393 140603 637811 19012 9008 45416 4.156075 1.252381 10.883233 0 0 85872 7890 46840 0 0 0 0 0 0 0 0 0 0 0 0 0 0 0 
6 193919 85866 254529 53637 33484 101643 10.609505 2.270924 28.411783 0 0 35252 3304 93882 56346 0 0 0 0 0 0 0 0 0 0 0 0 0 0 
7 163215 135874 213428 67864 49095 79985 3.909379 3.425187 4.358503 0 0 23683 50804 13571 30380 26072 0 0 0 0 0 0 0 0 0 0 0 0 0 
8 582406 517401 645586 21422 19238 23970 4.762539 2.213968 8.690166 0 0 67252 103360 117706 91937 53165 83979 0 0 0 0 0 0 0 0 0 0 0 0 
9 346298 248278 496961 46919 29133 60617 7.019498 2.137952 17.028807 0 0 31189 36391 16520 78797 33431 24849 37425 0 0 0 0 0 0 0 0 0 0 0 
10 577071 169468 978334 46977 16107 103087 20.228186 4.284533 54.024525 0 0 57155 215358 90051 143184 56589 54562 233772 127660 0 0 0 0 0 0 0 0 0 0 
11 661518 355804 926613 32587 19991 53624 17.473438 7.263191 27.339855 0 0 38190 9202 88543 97339 3560 97104 91868 87323 56749 0 0 0 0 0 0 0 0 0 
12 614725 360611 1088982 40770 18735 60256 6.206629 2.617914 9.159261 0 0 53169 67562 76787 217567 68241 228459 63954 132825 49341 131073 0 0 0 0 0 0 0 0 
13 539654 402606 846142 47323 27138 58756 6.569787 2.266369 13.277512 0 0 21209 57587 7407 41870 54418 7314 39794 59332 96200 7245 53754 0 0 0 0 0 0 0 
14 662448 265403 1265111 52349 19582 98318 8.458638 3.229912 21.400925 0 0 31616 49101 18534 45623 44444 46292 59865 55091 48407 43944 53589 30989 0 0 0 0 0 0 
15 712484 322118 1447864 52176 18512 87742 4.050452 2.623242 5.426022 0 0 93899 97003 135507 88923 143606 75303 157816 97619 80449 92929 96246 91023 197538 0 0 0 0 0 
16 1919594 1657354 2374071 15400 11937 17579 2.505730 1.893821 2.971104 0 0 119853 136854 97638 102426 121785 126908 114166 119156 122920 127957 118997 144903 120579 241541 0 0 0 0 
17 2498000 2201209 2858180 12338 10550 14020 2.538929 1.732124 3.326936 0 0 133587 120485 250420 107970 103220 90647 107762 210875 114234 209406 183997 166663 149264 133722 301579 0 0 0 
18 2476116 2244649 2671691 13312 12148 14726 2.887859 2.275430 3.279282 0 0 91086 97268 146232 121260 195916 132096 118319 116250 124595 127318 131693 159806 187236 155095 133212 207261 0 0 
19 2104501 1587433 2569095 17352 13600 22849 2.871169 2.074801 3.590949 0 0 97410 94241 95666 91373 62961 98148 102659 67421 92808 95056 67665 113677 92795 59014 135963 59217 161353 0 
20 2114822 1870695 2313567 17873 16121 20344 4.183683 1.547794 7.832881 0 0 110525 115519 100828 116478 102710 114802 109062 117237 120608 108212 105132 102852 117206 116328 109368 122817 136611 156061 
