tcmalloc
2
20
350
17
4 322733 290101 380246 12741 10469 14128 2.040867 1.098083 4.288866 0 0 55476 237932 0 0 0 0 0 0 0 0 0 0 0 0 0 0 0 0 
5 119235 46121 266513 84838 23326 142558 3.176082 2.279049 5.434345 0 0 52035 9575 44472 0 0 0 0 0 0 0 0 0 0 0 0 0 0 0 
6 192601 40424 413583 90296 19863 217654 3.877784 2.233883 7.060426 0 0 17799 2521 5584 14520 0 0 0 0 0 0 0 0 0 0 0 0 0 0 
7 270276 125400 460884 49092 22098 86122 6.850812 2.061817 17.033802 0 0 30128 30273 14683 25474 24841 0 0 0 0 0 0 0 0 0 0 0 0 0 
8 360446 30674 606682 128851 20233 432416 7.067549 3.113879 14.284807 0 0 61902 168641 11805 78492 30958 14279 0 0 0 0 0 0 0 0 0 0 0 0 
9 262105 200819 330231 59581 45150 74998 25.895744 2.955414 46.481564 0 0 52668 29800 40465 45103 88011 2277 71905 0 0 0 0 0 0 0 0 0 0 0 
10 391585 149392 710924 62367 22664 116677 19.989824 10.294782 35.331902 0 0 62933 141456 8809 178698 166388 94032 46195 12411 0 0 0 0 0 0 0 0 0 0 
11 534722 195944 795001 47571 23795 100463 13.332026 5.190753 28.415543 0 0 37335 98663 32864 125333 17934 124755 16735 51076 23742 0 0 0 0 0 0 0 0 0 
12 587467 398696 701093 37863 29840 54278 24.796766 6.182470 35.094967 0 0 86455 29478 56121 13984 23410 61293 24326 21518 23571 58537 0 0 0 0 0 0 0 0 
13 556933 245066 935588 54498 24452 98090 10.941769 2.446302 20.261784 0 0 74300 64577 34851 7715 72231 84797 156319 9418 12529 115437 21408 0 0 0 0 0 0 0 
14 583754 256976 790289 53197 31906 101611 17.285091 4.685278 47.972717 0 0 61502 9398 27514 64201 18162 85238 36896 73917 31862 57613 89373 50502 0 0 0 0 0 0 
15 637640 431884 1125946 50748 24315 64974 15.438800 1.352405 49.459679 0 0 74415 100639 88602 93731 82298 94505 85589 85210 82400 80842 84335 76412 96965 0 0 0 0 0 
16 782761 390681 1432096 47698 20622 77878 4.657479 2.079749 9.342385 0 0 6616 45998 24047 53276 52772 55036 56327 51412 55683 52790 51844 53077 58085 61812 0 0 0 0 
17 1065332 863891 1263564 30402 24917 37121 4.420552 1.911652 8.532870 0 0 50410 95170 90641 49784 71007 65857 76908 71227 76048 74893 66063 74956 78832 69143 68881 0 0 0 
18 805908 417294 1315026 50580 25807 83916 6.273561 3.239292 10.772290 0 0 15824 10249 13270 17462 14019 30105 33201 30145 32483 32711 32485 31183 29487 32897 29199 32567 0 0 
19 831691 128921 2087902 110416 16724 290347 5.050134 1.306887 9.537229 0 0 6587 8422 6532 6704 6495 7624 8257 6663 8210 8482 8212 8488 7279 7584 8158 8406 6813 0 
20 1009552 509479 1408186 45682 27022 76663 15.096567 8.787031 23.300907 0 0 26927 147530 103011 153348 18443 17451 19336 89251 78877 84204 86180 88729 79061 72164 81667 87856 79170 94976 
