Custom_Allocator
4
24
400
21
4 105778 27291 225859 55524 13114 124154 1.437087 1.000939 1.743127 0 0 143522 82336 0 0 0 0 0 0 0 0 0 0 0 0 0 0 0 0 0 0 0 0 
5 127685 67119 270996 51548 17041 75038 5.443355 1.579192 16.690165 0 0 63109 113661 94225 0 0 0 0 0 0 0 0 0 0 0 0 0 0 0 0 0 0 0 
6 122189 59141 173530 64093 36722 113075 5.849121 2.973170 10.960122 0 0 39485 4234 3602 11819 0 0 0 0 0 0 0 0 0 0 0 0 0 0 0 0 0 0 
7 197767 41213 514282 91886 15033 206109 3.816605 1.653599 8.740368 0 0 12659 32312 34279 29477 30103 0 0 0 0 0 0 0 0 0 0 0 0 0 0 0 0 0 
8 503141 407660 757162 19694 11903 23092 6.720549 2.159475 10.509004 0 0 86635 15352 115611 95373 98459 19279 0 0 0 0 0 0 0 0 0 0 0 0 0 0 0 0 
9 368289 232219 541741 33443 19670 49719 10.332840 5.271873 17.191334 0 0 65633 7252 32484 28132 18947 75384 4385 0 0 0 0 0 0 0 0 0 0 0 0 0 0 0 
10 208290 66908 326521 92631 40224 202210 7.496498 2.371028 12.453383 0 0 12587 5854 5308 10962 7083 7150 9278 8684 0 0 0 0 0 0 0 0 0 0 0 0 0 0 
11 515894 411178 664860 28689 21138 35027 6.354372 1.598773 18.582062 0 0 58815 39387 45437 43462 42224 33116 42256 65190 41287 0 0 0 0 0 0 0 0 0 0 0 0 0 
12 583840 330501 1012230 33348 15019 50260 15.291046 6.135768 34.424503 0 0 5700 67597 61180 6025 26165 11440 51728 40119 42551 17994 0 0 0 0 0 0 0 0 0 0 0 0 
13 297513 245160 353602 62825 51809 74793 13.554359 4.793864 22.939470 0 0 11123 87797 9913 31018 3827 31377 48411 4785 42124 30958 52266 0 0 0 0 0 0 0 0 0 0 0 
14 515097 221831 792149 49338 24200 90463 12.850924 7.735649 18.836504 0 0 106132 73926 120703 27842 58065 59850 52205 23187 14701 112693 135641 7201 0 0 0 0 0 0 0 0 0 0 
15 465710 277463 596160 50677 35345 77415 13.211407 6.016280 21.508915 0 0 17066 6556 71406 5829 6696 6716 10909 24445 30992 57352 68982 30548 59371 0 0 0 0 0 0 0 0 0 
16 463359 269807 639089 55352 35890 87677 17.029446 7.802613 31.969486 0 0 42368 6601 26928 6916 30121 54143 59571 20732 47590 4634 43263 55508 54843 5705 0 0 0 0 0 0 0 0 
17 576742 351778 899429 48643 26528 71398 14.568936 5.424074 34.196541 0 0 7315 97247 18586 4561 14694 3487 119243 6830 7810 94274 17316 5916 6622 8815 18389 0 0 0 0 0 0 0 
18 651162 519593 887655 42156 28576 50998 11.970393 3.690899 21.058538 0 0 43243 46656 2482 42272 23015 22808 42991 52281 35358 30388 2547 44076 42828 16558 23677 48405 0 0 0 0 0 0 
19 845336 446722 1270818 37319 20647 63225 15.089258 7.714352 22.760145 0 0 47836 91432 66387 65787 90584 51875 8346 19314 40489 10073 103945 149928 9078 58026 6587 47227 34410 0 0 0 0 0 
20 570030 266836 816510 64887 35877 114636 16.702667 5.985733 25.227247 0 0 8020 21508 26923 27596 31967 7499 17192 13871 37957 44891 28576 24746 10448 11185 37437 28583 31676 12278 0 0 0 0 
21 642134 188960 1076781 80355 28379 170416 10.630066 3.355445 16.868053 0 0 70457 80352 51214 87725 40794 68010 75181 102676 15204 28330 62922 7998 73008 29850 58314 54392 28589 79559 62199 0 0 0 
22 761019 534273 1062287 46124 30082 61801 9.129963 5.482322 14.043573 0 0 47870 98442 37501 52648 62397 42054 34632 22832 67141 78844 23223 57056 73279 56797 61040 38165 12379 65627 63773 66581 0 0 
23 1107903 362665 2040683 51469 16789 96498 6.884860 1.724034 16.760544 0 0 77131 74081 94941 95553 106605 106598 110167 106306 106294 99973 111407 64620 106979 95602 85494 101457 106829 98532 88021 111321 92765 0 
24 1118985 961200 1237218 33011 29594 38166 5.925890 4.408402 7.428881 0 0 13934 6606 35412 46837 46798 47250 49021 47935 46986 46835 48750 47597 46669 46784 48309 47417 47397 47349 49077 48089 48099 48040 
