Hoard
4
24
400
21
4 87950 37898 130321 46331 24215 89400 1.789473 1.119701 2.522774 0 0 52030 28249 0 0 0 0 0 0 0 0 0 0 0 0 0 0 0 0 0 0 0 0 
5 87485 10983 134639 150249 35487 464079 4.150356 1.192488 12.895476 0 0 4008 3188 3786 0 0 0 0 0 0 0 0 0 0 0 0 0 0 0 0 0 0 0 
6 134995 55376 193273 62034 33897 121999 10.191643 1.053577 19.207598 0 0 7060 2463 40904 4948 0 0 0 0 0 0 0 0 0 0 0 0 0 0 0 0 0 0 
7 110214 100336 120362 76548 68306 84176 7.885138 1.866143 22.498110 0 0 29473 9752 9850 25604 25759 0 0 0 0 0 0 0 0 0 0 0 0 0 0 0 0 0 
8 187199 134121 222198 54924 44332 74613 13.491010 3.624881 32.845165 0 0 1948 42957 56494 3578 38040 63993 0 0 0 0 0 0 0 0 0 0 0 0 0 0 0 0 
9 284867 225138 415266 42638 27248 51597 6.317914 3.182946 9.954267 0 0 33971 31798 68894 47869 101211 83768 47754 0 0 0 0 0 0 0 0 0 0 0 0 0 0 0 
10 226612 132016 277120 64009 47484 102252 10.682829 5.091945 20.939295 0 0 34655 4085 61621 16857 23957 12414 85544 14883 0 0 0 0 0 0 0 0 0 0 0 0 0 0 
11 257935 106775 381937 72966 38489 142642 4.830964 2.692414 9.022983 0 0 10813 19527 34034 37204 39101 36392 11153 21268 34070 0 0 0 0 0 0 0 0 0 0 0 0 0 
12 251483 141820 456092 82015 35607 119034 12.161583 4.681468 17.754427 0 0 16880 18476 24891 33685 32964 43523 2466 43788 20769 11358 0 0 0 0 0 0 0 0 0 0 0 0 
13 269903 199834 415610 73704 42665 91936 9.846539 6.555217 12.329095 0 0 5659 13052 6619 14060 38400 3512 3937 14082 41097 16105 43308 0 0 0 0 0 0 0 0 0 0 0 
14 252564 187168 304646 82517 65650 106815 27.484768 6.938535 52.881168 0 0 52756 18154 2409 15292 1108 20968 58592 46096 32760 35666 4474 4195 0 0 0 0 0 0 0 0 0 0 
15 188407 44632 427652 226066 50136 497177 4.446196 3.060701 5.895263 0 0 17843 24777 8063 7495 5506 5600 25616 22815 20570 10452 15897 12076 13786 0 0 0 0 0 0 0 0 0 
16 279960 197607 322467 86666 72215 119224 18.148630 6.890956 28.469704 0 0 42754 26536 43539 27074 1796 42062 29821 3805 24858 1529 19157 35895 1756 21879 0 0 0 0 0 0 0 0 
17 258488 101371 434696 128931 57408 251833 9.004058 3.075992 18.718138 0 0 13423 22426 20881 22508 23615 20703 12791 24112 25909 15667 10738 10577 10001 18065 30763 0 0 0 0 0 0 0 
18 224652 42758 389916 236522 68010 638906 10.014667 6.592020 12.909160 0 0 15153 8086 26551 24533 22297 11003 3012 3661 18102 26025 30390 13979 6334 16965 19320 30198 0 0 0 0 0 0 
19 338408 271893 441148 86759 63847 105148 12.131317 5.013728 20.770195 0 0 6585 4504 15847 40345 31243 30704 17642 18837 15384 19020 11537 8340 16227 38310 15273 21809 21791 0 0 0 0 0 
20 286919 230160 424642 112665 70847 132526 11.662571 7.496812 16.235081 0 0 14986 12316 4122 25225 11849 14799 27438 11423 12410 15517 7994 10942 8662 16204 11355 12349 3660 14593 0 0 0 0 
21 280099 201487 345292 118884 91888 159010 17.084167 3.588580 40.993607 0 0 5537 12294 11670 10480 7496 11295 23072 13090 11551 8681 28387 17353 1812 26793 15871 12319 9627 24691 11329 0 0 0 
22 240845 105879 357412 171469 93698 321060 6.298474 4.118533 7.070115 0 0 27902 16529 8005 6307 7662 25561 16720 5905 7096 25921 30250 7620 7880 7619 7321 14615 8572 15864 15498 4278 0 0 
23 319232 158290 677655 151453 52072 225352 10.578859 1.338016 27.758924 0 0 30984 25482 32754 33207 33297 33169 34006 31767 34095 31608 31452 32078 31984 32330 31765 33166 33156 32864 33867 32086 32532 0 
24 244012 191431 299100 158060 125574 195101 4.663552 1.782095 7.745184 0 0 4380 3388 11602 12975 12978 12978 12977 12977 12977 12977 12977 12975 12973 12969 12971 12971 12971 12970 12971 12968 12967 12965 
