jemalloc
4
24
400
21
4 74744 15936 114854 81386 27981 212098 1.785402 1.036080 2.463901 0 0 35720 79133 0 0 0 0 0 0 0 0 0 0 0 0 0 0 0 0 0 0 0 0 
5 85228 44993 146010 72105 32733 113129 13.061566 4.172370 26.962713 0 0 6982 3030 34981 0 0 0 0 0 0 0 0 0 0 0 0 0 0 0 0 0 0 0 
6 176544 132933 203024 38195 32059 49422 9.429245 1.822881 31.681919 0 0 35033 63861 57700 46430 0 0 0 0 0 0 0 0 0 0 0 0 0 0 0 0 0 0 
7 144392 102261 195633 61094 42611 81758 5.992449 1.312540 9.384153 0 0 29248 36575 27866 28349 30288 0 0 0 0 0 0 0 0 0 0 0 0 0 0 0 0 0 
8 183260 92139 400777 75273 24067 108203 7.746645 2.522184 10.593740 0 0 7359 28760 3886 41174 34615 14441 0 0 0 0 0 0 0 0 0 0 0 0 0 0 0 0 
9 111674 47714 202865 136439 56633 249055 5.204120 2.205132 8.986362 0 0 28281 37273 20365 17237 36209 25486 38011 0 0 0 0 0 0 0 0 0 0 0 0 0 0 0 
10 85717 58179 100526 164951 133505 233511 5.909166 3.980158 7.586189 0 0 9511 9588 5558 24819 9431 18472 12442 4468 0 0 0 0 0 0 0 0 0 0 0 0 0 0 
11 228749 119742 352198 76240 41516 127095 8.688813 3.837108 13.563821 0 0 20220 18975 45612 56211 37890 11567 8839 28788 8746 0 0 0 0 0 0 0 0 0 0 0 0 0 
12 180585 92706 304229 122571 54772 183015 11.104805 4.665740 19.760059 0 0 3275 10322 25679 2366 20008 6045 3408 4309 4141 14237 0 0 0 0 0 0 0 0 0 0 0 0 
13 115175 33830 246137 261013 74366 555496 9.175357 2.062448 14.607789 0 0 42740 7231 3478 3341 7331 6270 3456 3508 3510 7400 3680 0 0 0 0 0 0 0 0 0 0 0 
14 202956 112608 325875 114614 60634 180377 4.946695 3.225088 8.531306 0 0 40654 33645 17323 24406 19739 19660 24768 31577 17304 23552 55808 17435 0 0 0 0 0 0 0 0 0 0 
15 235234 122771 281202 104915 77242 179496 7.618959 2.652327 13.164402 0 0 11838 11189 23395 11535 8378 29476 26232 28478 25830 13496 26517 13005 29314 0 0 0 0 0 0 0 0 0 
16 313818 93861 561325 121802 40903 253961 5.607646 1.937994 10.300486 0 0 5190 5144 9970 5841 5809 5797 9199 5921 5217 9571 5647 5684 5270 9596 0 0 0 0 0 0 0 0 
17 173023 73776 274190 187680 92513 346455 10.815082 1.993369 20.789717 0 0 4377 4371 4687 31691 6736 8185 33567 10223 10895 10016 37103 5275 34059 6310 5492 0 0 0 0 0 0 0 
18 267598 145914 380410 113960 69970 185754 12.565090 8.741152 18.712284 0 0 4681 25705 40917 30807 22182 28681 25357 8649 36717 17088 14641 29882 19635 27489 28940 19037 0 0 0 0 0 0 
19 193748 95350 377444 190377 75862 303212 3.646694 2.040226 8.040993 0 0 19264 12288 30866 5602 39806 33026 10167 5611 29603 24371 7235 18196 17949 18085 45051 43109 17209 0 0 0 0 0 
20 375425 158651 490078 98311 61106 191256 8.344003 3.919862 15.915599 0 0 27485 13040 15681 10777 9346 23599 22412 22596 19905 9257 33080 17078 24061 49651 50004 19885 43243 11124 0 0 0 0 
21 320921 84422 494594 158252 63103 382955 20.805706 5.566138 28.672342 0 0 2270 42002 2308 24520 5710 43121 40794 26575 8598 12871 65105 58272 32545 2656 30267 61385 13368 2693 19527 0 0 0 
22 335678 202423 463575 109393 71530 167854 25.781725 10.706271 54.863621 0 0 15694 20360 5637 5532 5563 9183 28530 5612 6375 23523 6521 5101 17331 7748 5787 7499 9268 2507 10650 3996 0 0 
23 750968 331892 1573846 66720 22001 106487 24.068451 1.207706 47.614552 0 0 73423 68852 74605 73768 72393 82987 83153 73819 72947 72109 73624 73211 73173 72454 73363 74687 71585 74579 73600 82399 83111 0 
24 128813 93256 146020 300849 255922 402605 2.525606 1.642864 3.511390 0 0 6391 3354 4370 6942 6942 6926 6970 6936 6934 6940 6960 6940 6923 6940 6958 6930 6944 6942 6964 6944 6929 6935 
