ptmalloc
4
24
400
21
4 44604 37338 56280 76587 59550 89608 1.301405 1.095182 1.650716 0 0 18700 23075 0 0 0 0 0 0 0 0 0 0 0 0 0 0 0 0 0 0 0 0 
5 49306 34822 55381 105445 90704 144573 2.668876 2.175659 3.715661 0 0 16170 26557 11227 0 0 0 0 0 0 0 0 0 0 0 0 0 0 0 0 0 0 0 
6 54495 44303 69864 126800 96162 151372 1.960602 1.648296 2.726656 0 0 12439 14286 8910 8667 0 0 0 0 0 0 0 0 0 0 0 0 0 0 0 0 0 0 
7 45917 29929 56176 195626 150033 281634 3.780400 1.869343 6.146764 0 0 12643 6742 5717 9939 20191 0 0 0 0 0 0 0 0 0 0 0 0 0 0 0 0 0 
8 38931 19736 67121 314524 150690 515618 5.007106 2.139472 8.473553 0 0 8882 9970 7736 11187 16551 12793 0 0 0 0 0 0 0 0 0 0 0 0 0 0 0 0 
9 26541 21473 31482 459090 378130 556318 8.072109 2.988167 13.455301 0 0 3952 482 481 2064 4020 6472 4000 0 0 0 0 0 0 0 0 0 0 0 0 0 0 0 
10 27918 20359 33838 508211 402011 669646 14.319439 5.061974 22.346153 0 0 2022 9175 2009 1760 7090 3666 697 5790 0 0 0 0 0 0 0 0 0 0 0 0 0 0 
11 16260 8291 22190 1081774 688598 1848251 8.045484 5.483584 11.395319 0 0 1174 592 308 2258 1489 673 1136 320 338 0 0 0 0 0 0 0 0 0 0 0 0 0 
12 16348 11753 22293 1099277 764374 1454390 7.427600 3.139709 13.864741 0 0 928 219 228 3000 2197 275 776 3041 300 787 0 0 0 0 0 0 0 0 0 0 0 0 
13 18228 11450 24620 1110216 761716 1643211 29.040676 8.019683 65.781570 0 0 1557 296 269 687 2912 4120 267 245 577 231 287 0 0 0 0 0 0 0 0 0 0 0 
14 13538 5523 26798 2319421 761739 3713051 9.128403 3.576786 14.948462 0 0 226 232 1394 343 308 285 389 214 245 246 1391 246 0 0 0 0 0 0 0 0 0 0 
15 10983 5989 13961 2253204 1587789 3714196 14.495321 8.511602 27.679611 0 0 2567 1272 621 301 366 1197 819 1284 458 627 492 314 1148 0 0 0 0 0 0 0 0 0 
16 9391 7457 13900 2707878 1718545 3209413 16.179190 5.403537 29.225351 0 0 1422 243 318 1200 983 248 617 850 306 251 434 591 230 588 0 0 0 0 0 0 0 0 
17 9654 5288 13627 2987009 1883218 4854242 7.990402 6.551606 10.136216 0 0 290 327 352 294 501 1122 887 806 1129 404 363 365 432 412 1904 0 0 0 0 0 0 0 
18 10443 7108 16123 2885099 1696860 3843556 10.754654 6.986357 15.192053 0 0 1796 755 304 448 1066 422 468 332 3160 432 489 3142 1208 310 877 909 0 0 0 0 0 0 
19 9248 5452 14242 3680076 2038317 5324805 13.117653 5.005926 21.464016 0 0 258 240 243 267 278 1122 276 281 236 229 279 267 1126 237 268 251 225 0 0 0 0 0 
20 10185 6396 15888 3354406 1930304 4815262 8.327156 4.153504 15.023131 0 0 488 357 478 501 1135 1244 447 437 498 381 402 517 299 384 386 530 340 359 0 0 0 0 
21 5343 4553 6232 6179425 5209872 7139609 8.357914 1.081514 21.604279 0 0 88 110 215 62 99 205 112 348 138 107 179 301 562 489 425 1346 197 444 340 0 0 0 
22 5416 3190 7697 7074331 4444399 10698974 6.098218 1.297235 8.713414 0 0 758 110 770 113 110 114 109 111 112 110 112 109 109 110 112 952 111 110 112 109 0 0 
23 26950 4484 70940 3383764 506522 8010363 25.850538 1.999893 88.741570 0 0 3206 3114 3271 3252 3198 3215 3225 3227 3242 3263 3227 3289 3219 3257 3205 3219 3313 3219 6227 3239 3306 0 
24 4213 3095 6515 9770983 5765587 12105627 1.256277 1.096447 1.421053 0 0 133 133 137 141 141 142 141 141 131 141 142 142 142 144 143 143 143 142 144 144 143 135 
