scalloc
4
24
400
21
4 84571 50590 132063 43940 24247 66443 3.076813 1.077789 6.494801 0 0 32008 39049 0 0 0 0 0 0 0 0 0 0 0 0 0 0 0 0 0 0 0 0 
5 82919 25451 143375 95220 33300 197839 8.573135 1.178550 13.007270 0 0 3811 40688 3154 0 0 0 0 0 0 0 0 0 0 0 0 0 0 0 0 0 0 0 
6 165847 53439 298393 57540 21263 124917 10.255702 2.626068 25.235939 0 0 20382 101595 129750 46665 0 0 0 0 0 0 0 0 0 0 0 0 0 0 0 0 0 0 
7 118930 59371 152581 81404 54022 142224 8.363209 1.797032 17.568741 0 0 22358 25612 3767 3834 3800 0 0 0 0 0 0 0 0 0 0 0 0 0 0 0 0 0 
8 426683 311706 540099 23200 16942 30484 4.009429 2.647185 7.762352 0 0 89459 94059 24062 75880 16128 12117 0 0 0 0 0 0 0 0 0 0 0 0 0 0 0 0 
9 293957 161826 409631 44184 27416 72607 4.558702 1.839198 8.951720 0 0 63919 30094 74526 30682 61169 83413 65827 0 0 0 0 0 0 0 0 0 0 0 0 0 0 0 
10 300284 73342 467972 73896 27474 184293 22.474815 7.427557 49.428936 0 0 25821 26181 7230 56093 50782 38995 5550 42666 0 0 0 0 0 0 0 0 0 0 0 0 0 0 
11 348578 113972 469483 59467 31255 132753 20.400673 2.600117 31.489565 0 0 123728 30746 5567 5532 88937 113668 83984 5661 11658 0 0 0 0 0 0 0 0 0 0 0 0 0 
12 495008 381880 637501 34698 24993 43602 18.973494 10.912162 26.783899 0 0 21053 23108 10992 11079 93217 78302 29295 95931 15319 3581 0 0 0 0 0 0 0 0 0 0 0 0 
13 610286 469952 752586 29694 23416 37782 37.977722 5.113940 73.120110 0 0 71545 124569 17595 3408 11036 64376 94898 63447 58212 48476 50178 0 0 0 0 0 0 0 0 0 0 0 
14 465420 193908 794470 55117 23729 103650 16.510824 5.362244 44.813046 0 0 84221 26196 58049 34855 11497 23136 56308 28308 73684 23731 63345 33403 0 0 0 0 0 0 0 0 0 0 
15 357666 216662 487595 68610 43563 101331 9.416699 3.592583 15.802793 0 0 42283 43381 23999 57546 42295 43437 44743 43395 40205 41496 17083 16018 31712 0 0 0 0 0 0 0 0 0 
16 284480 193043 411883 91967 55695 122044 15.768345 5.005140 39.832359 0 0 4440 3458 7039 77301 6218 74567 1940 77034 18396 26078 28179 3756 8030 75443 0 0 0 0 0 0 0 0 
17 429048 319306 491806 59510 50216 78492 16.678944 13.002579 25.106995 0 0 34090 4524 31028 6764 26064 48595 19440 53443 55712 16280 43658 29347 21003 43022 58832 0 0 0 0 0 0 0 
18 518826 200279 794158 65951 32249 134237 14.368629 7.564327 26.266708 0 0 37006 7169 52175 3885 42654 35771 57721 36435 51968 56012 36776 15086 46817 34287 28330 22859 0 0 0 0 0 0 
19 646195 403348 1103772 50122 24697 70280 33.094933 11.050996 46.164165 0 0 9888 8118 15329 10982 11245 9109 82266 61849 17103 83336 11431 9857 19102 89715 11713 8705 9116 0 0 0 0 0 
20 426772 290688 548504 74290 54033 102678 21.074120 11.012479 31.996971 0 0 5998 27178 10022 990 3830 31698 29193 22338 31655 27137 1182 28217 27137 26130 28474 25705 28975 30130 0 0 0 0 
21 581155 545916 671359 54450 45968 57724 28.588600 16.964005 34.567883 0 0 24529 28101 1820 2780 36337 41238 44408 12073 35547 41211 40965 37360 41203 14447 52268 11245 40307 18760 26287 0 0 0 
22 517909 364033 814883 70500 39742 91975 38.933037 6.656360 86.162575 0 0 31078 32947 29484 2640 4168 4530 28497 31525 4169 8613 2244 32612 1747 32920 2255 27027 4574 32539 22475 27983 0 0 
23 713263 196958 1743005 88341 19715 179365 14.468141 1.232587 28.232519 0 0 81577 82737 80821 80515 78481 88033 83175 72219 81261 88045 86583 72683 86061 82054 86586 80857 88457 84253 88809 89017 80775 0 
24 685769 478279 852981 56446 43253 77884 3.420668 1.510637 5.320647 0 0 37546 26182 37835 39538 39550 39548 39550 39546 39550 39552 39548 39546 39547 39549 39551 39548 39546 39548 39548 39548 39548 39549 
