SuperMalloc
4
24
400
21
4 73945 14475 117569 84998 27010 233740 2.175543 1.103408 3.344431 0 0 27539 52707 0 0 0 0 0 0 0 0 0 0 0 0 0 0 0 0 0 0 0 0 
5 116592 66224 155288 48188 31468 77261 9.125395 1.221239 19.151468 0 0 30897 16121 49958 0 0 0 0 0 0 0 0 0 0 0 0 0 0 0 0 0 0 0 
6 238301 30534 310478 71256 20008 222913 2.325699 1.262132 5.046616 0 0 76361 79023 86533 68561 0 0 0 0 0 0 0 0 0 0 0 0 0 0 0 0 0 0 
7 239396 115875 543019 49414 13672 71585 6.462118 2.301988 9.846355 0 0 13632 56344 31031 39558 29248 0 0 0 0 0 0 0 0 0 0 0 0 0 0 0 0 0 
8 230191 173445 357803 46380 26792 57375 4.471552 1.506319 6.228673 0 0 58348 29854 118968 34197 86085 30350 0 0 0 0 0 0 0 0 0 0 0 0 0 0 0 0 
9 354024 241995 466103 33973 24476 47450 10.584721 3.158434 24.380081 0 0 35731 47703 42387 65260 87658 112854 74508 0 0 0 0 0 0 0 0 0 0 0 0 0 0 0 
10 334143 157884 626009 54811 19908 84804 5.042593 2.039000 11.716571 0 0 25875 19459 18582 26960 18489 13222 20663 19754 0 0 0 0 0 0 0 0 0 0 0 0 0 0 
11 378985 178861 613468 48241 23037 83646 10.916745 5.053768 18.119265 0 0 46138 52979 44434 72599 90890 44940 57492 18656 17984 0 0 0 0 0 0 0 0 0 0 0 0 0 
12 449894 263562 848479 44053 18275 62438 18.257109 8.947931 35.406639 0 0 118811 112300 126938 14186 114074 113615 87065 68473 66719 26295 0 0 0 0 0 0 0 0 0 0 0 0 
13 370290 164231 507186 59315 35200 113050 9.871984 2.963342 17.346668 0 0 7388 62297 34211 18117 43450 37922 44285 3591 60916 59483 10188 0 0 0 0 0 0 0 0 0 0 0 
14 451912 104305 666972 74726 28511 194749 14.991921 9.895706 25.759369 0 0 6889 6172 3672 5394 5265 5414 5432 3733 6925 14542 36340 4523 0 0 0 0 0 0 0 0 0 0 
15 582054 498678 659257 36821 32005 42681 10.465702 3.675429 17.261290 0 0 69557 21678 46453 7092 24952 53487 4355 29807 33942 44546 38674 75178 48953 0 0 0 0 0 0 0 0 0 
16 457103 117600 739083 83610 30673 202624 8.586898 3.722937 13.439566 0 0 88169 42430 25369 46755 39279 18376 90604 44347 41452 9774 61055 55713 7031 39290 0 0 0 0 0 0 0 0 
17 568047 358732 815583 49248 29676 69667 14.195656 6.897258 18.109488 0 0 68752 24648 29240 7045 24044 59191 4335 4058 9433 9373 4736 24902 73494 4617 10860 0 0 0 0 0 0 0 
18 627254 402575 937295 46108 27301 66144 18.643970 5.339674 39.856678 0 0 4952 42062 4938 75299 4705 25754 5472 101966 56119 16587 35592 4171 59875 16160 71136 2558 0 0 0 0 0 0 
19 522219 233930 905084 71830 30006 123024 12.239097 5.086522 27.339460 0 0 5476 51115 61965 139575 49103 56730 149720 24071 38275 22422 89241 26515 28841 24749 32472 56722 48090 0 0 0 0 0 
20 385063 258956 568681 84840 51989 117094 16.451788 6.482830 26.259083 0 0 13249 5419 18336 2004 22996 11783 20400 15189 23918 18622 2015 1989 2149 15760 14770 14889 6292 49170 0 0 0 0 
21 424183 267849 522688 79940 60401 119258 28.774096 5.258171 45.354980 0 0 14742 11453 10124 14101 4967 6299 25349 23073 19123 11340 12905 12019 7305 13194 26117 15924 16521 12361 10926 0 0 0 
22 571701 431541 777948 60712 41468 77272 11.304925 3.962192 19.054089 0 0 23252 25022 25134 25721 23976 20742 15879 24986 24037 23409 25886 25579 22171 23258 25849 24991 24139 2347 22231 2924 0 0 
23 1130889 613392 2121429 37432 16113 56633 9.516004 1.207681 14.665685 0 0 98749 103317 104286 104237 94982 95019 102388 101534 99664 104185 89637 96158 104718 99708 104119 104760 97876 102450 98097 108253 107286 0 
24 966430 736341 1306649 39879 28045 50300 4.603959 1.371305 12.047677 0 0 3020 18438 26444 36211 36101 36228 36374 36240 36178 36206 36378 36212 36198 36220 36388 36193 36222 36182 36360 36179 36178 36186 
