tcmalloc
4
24
400
21
4 102176 55472 145278 35595 21465 58288 3.944089 1.637835 8.972163 0 0 36599 59943 0 0 0 0 0 0 0 0 0 0 0 0 0 0 0 0 0 0 0 0 
5 105346 8292 207602 190665 23029 612415 3.214508 1.212788 4.293235 0 0 24914 79420 103267 0 0 0 0 0 0 0 0 0 0 0 0 0 0 0 0 0 0 0 
6 128015 46452 203364 69488 32473 145566 5.471394 1.886713 13.681069 0 0 34469 95411 45837 27646 0 0 0 0 0 0 0 0 0 0 0 0 0 0 0 0 0 0 
7 184139 146545 201119 45455 40563 56964 9.807034 2.032623 20.925541 0 0 87775 4194 30810 45839 26707 0 0 0 0 0 0 0 0 0 0 0 0 0 0 0 0 0 
8 270099 98700 445096 48841 20764 102254 12.230249 4.012627 29.382214 0 0 4642 41168 36295 5115 4105 7373 0 0 0 0 0 0 0 0 0 0 0 0 0 0 0 0 
9 302074 261501 374138 38890 29918 44510 17.111059 6.482205 40.474392 0 0 30654 101159 2499 34849 42934 39636 9769 0 0 0 0 0 0 0 0 0 0 0 0 0 0 0 
10 254408 187352 346656 54523 37875 70426 15.185453 5.982987 31.303410 0 0 11210 15156 33123 11232 61307 53926 40684 10247 0 0 0 0 0 0 0 0 0 0 0 0 0 0 
11 351354 128267 536181 55963 26475 117598 18.260393 4.107291 36.618778 0 0 87594 39164 68752 90036 45369 92017 43157 47686 22403 0 0 0 0 0 0 0 0 0 0 0 0 0 
12 293383 76140 584317 98495 26882 221793 19.643326 4.111086 47.105263 0 0 46312 79356 3513 51024 10265 63370 66210 15169 1684 3928 0 0 0 0 0 0 0 0 0 0 0 0 
13 328884 234023 469789 59300 38524 78470 20.724579 10.289956 35.604813 0 0 19545 5358 37859 49312 2357 23695 12421 32945 1385 30928 18214 0 0 0 0 0 0 0 0 0 0 0 
14 565185 450371 860261 37041 22246 43688 30.927132 3.899250 69.335060 0 0 28832 10494 51976 32079 31195 42895 51633 67181 28312 14867 31396 69797 0 0 0 0 0 0 0 0 0 0 
15 458613 270201 606869 51513 34129 80518 34.738270 15.783125 55.173798 0 0 49499 13035 27762 1779 24975 1776 97988 2763 37021 20063 54783 54513 13336 0 0 0 0 0 0 0 0 0 
16 527292 258406 856173 54093 26053 91169 16.379288 9.279581 22.817333 0 0 7352 4545 30108 10567 48731 52131 66192 10222 4940 5444 4387 23733 47180 47980 0 0 0 0 0 0 0 0 
17 695435 373755 1046423 40271 22443 66828 20.288958 4.965022 33.163670 0 0 52081 36221 4730 103879 49406 52830 19280 3132 94731 32311 37995 4589 92019 5309 93975 0 0 0 0 0 0 0 
18 419151 218465 524604 72101 50264 123097 8.807362 5.229900 16.128962 0 0 24534 10028 25105 3486 29267 23805 4922 7738 4627 15161 26201 5726 12164 5508 3718 16472 0 0 0 0 0 0 
19 520924 238858 953880 68677 28615 120028 14.168806 7.215268 23.158161 0 0 4098 17403 19515 23786 26109 26708 32787 41272 25063 36157 51303 15487 12007 13496 30107 48693 32982 0 0 0 0 0 
20 415731 52664 917959 204763 31540 582853 9.550759 2.015351 16.731358 0 0 22240 5185 40819 26923 23385 26176 81014 54021 8800 79162 86757 78543 45639 11079 84812 83327 80866 79206 0 0 0 0 
21 379499 222352 513831 92855 61674 144058 7.112314 3.100575 16.159307 0 0 17550 26123 14817 27558 26508 24786 6273 17651 10863 19987 16171 25780 25549 15385 5809 12977 24772 9934 6104 0 0 0 
22 542775 365086 903629 70041 35370 91865 34.248661 16.794510 54.263050 0 0 3105 6256 77777 45043 39376 21375 46032 52596 23985 87814 113873 24092 109595 44130 63840 8174 4086 60207 45840 26427 0 0 
23 1692554 264848 5460729 68711 5806 134437 24.129892 1.314170 59.284824 0 0 241479 289122 238182 235881 257327 256599 264319 282381 264710 281268 257727 309987 259218 236619 257063 282049 254604 238775 250540 256760 246113 0 
24 7229854 7147763 7267976 4491 4464 4550 1.000696 1.000588 1.000836 0 0 324913 324894 324970 324887 324908 324898 324971 324918 324904 324889 324954 324875 324884 324859 324960 324877 324866 324854 324928 324896 324877 324775 
