Custom_Allocator
4
24
0
21
4 3022871 2798049 3100607 1578 1518 1756 1.009758 1.006339 1.019338 774636 777732 772345 773164 0 0 0 0 0 0 0 0 0 0 0 0 0 0 0 0 0 0 0 0 
5 3635324 3601532 3648815 1662 1653 1684 1.023230 1.022167 1.024284 736974 730161 720863 719994 735256 0 0 0 0 0 0 0 0 0 0 0 0 0 0 0 0 0 0 0 
6 4242423 4219338 4255568 1728 1721 1741 1.033472 1.032938 1.033872 710566 716630 694715 696700 711855 717598 0 0 0 0 0 0 0 0 0 0 0 0 0 0 0 0 0 0 
7 3067128 2340716 4765784 3319 1820 4053 1.545512 1.024067 1.865039 243714 266155 292083 264479 431634 435187 429948 0 0 0 0 0 0 0 0 0 0 0 0 0 0 0 0 0 
8 2554210 2363742 2836451 4353 3867 4741 1.818836 1.566689 2.086656 257482 252278 263718 252185 225170 375394 367507 370005 0 0 0 0 0 0 0 0 0 0 0 0 0 0 0 0 
9 2578169 2405938 2663245 4882 4634 5289 1.752700 1.605966 1.917007 233334 250118 253080 240313 245170 246133 390372 396741 393749 0 0 0 0 0 0 0 0 0 0 0 0 0 0 0 
10 2446022 1979767 2987145 6092 4737 7396 2.183798 1.762535 2.683580 111843 123071 113755 129322 206765 196864 201239 300139 299463 297303 0 0 0 0 0 0 0 0 0 0 0 0 0 0 
11 2084206 1903633 2260290 7861 7234 8673 2.910630 2.422150 3.176769 92682 151678 147108 127249 139797 152377 188733 172328 294430 288019 288318 0 0 0 0 0 0 0 0 0 0 0 0 0 
12 2111875 2008798 2212516 8416 7980 8855 2.934198 2.554048 3.544387 117315 114226 120501 100129 136508 106659 177104 161540 159830 285904 286469 286463 0 0 0 0 0 0 0 0 0 0 0 0 
13 2109803 2002327 2222060 9265 8704 9749 3.097113 3.020514 3.151822 107623 97818 84350 92808 106487 105199 103878 162707 194366 184717 251836 251926 258609 0 0 0 0 0 0 0 0 0 0 0 
14 2251807 2093126 2400817 9373 8699 10090 3.208508 3.067610 3.401743 122463 112343 123041 127240 92281 88494 80940 110277 172348 147065 173469 248292 247287 247582 0 0 0 0 0 0 0 0 0 0 
15 2030522 1882788 2200677 11315 10386 12214 3.352691 3.066670 3.735582 98530 69454 81193 96856 100173 76654 80284 105562 95358 122026 143160 146220 223899 221532 221884 0 0 0 0 0 0 0 0 0 
16 2129422 1948881 2242473 11509 10889 12679 3.172400 2.743157 3.483165 91928 90527 105683 67312 102074 106364 77182 85263 84675 79603 139729 147742 132575 214411 212216 211591 0 0 0 0 0 0 0 0 
17 2153353 1995281 2349633 12128 10998 13141 3.412988 2.981393 3.644237 80481 66322 86231 76319 72075 89112 110721 83901 77048 83433 89730 151901 140668 116673 222982 223200 224478 0 0 0 0 0 0 0 
18 2072438 1819774 2242447 13570 12395 15592 3.352101 3.106905 3.748946 95569 110180 122291 85360 111595 96907 54945 84800 65106 62603 100355 66761 119818 115133 115015 202110 203656 205988 0 0 0 0 0 0 
19 2193096 1954555 2542674 13479 11353 15178 3.440108 3.015076 4.176267 69955 99650 81035 78721 65288 86345 107005 64730 76636 59576 103432 54037 86133 99245 126013 126403 191855 189231 189259 0 0 0 0 0 
20 2109845 1881998 2298707 14845 13463 16647 3.810285 3.298427 4.045507 82667 67491 69631 70674 68514 92424 93045 101092 89348 61589 76557 96314 87151 69787 126578 116861 118655 199123 203149 200163 0 0 0 0 
21 2115034 2002758 2225897 15571 14673 16420 3.784781 3.076426 4.453382 70029 43188 74569 72065 84169 72086 63848 77613 74300 65539 58271 94204 49282 72870 87328 126643 137017 107793 192332 189200 190406 0 0 0 
22 2295766 2184697 2529591 14997 13495 15783 3.773641 3.216027 4.507554 63859 77305 67540 60287 88630 72397 72861 80667 90274 90955 82129 70296 97366 70208 69374 85122 124027 109589 133393 192150 193885 192374 0 0 
23 2221724 2109495 2345952 16346 15396 17237 4.380009 3.231308 5.847883 77297 55016 74338 77661 74622 65057 88227 69332 81899 83863 53734 67263 69297 71893 78884 76384 55376 112951 112429 107065 184643 183957 188299 0 
24 2196286 1914567 2486550 17491 15009 19832 3.444065 3.068128 4.234192 73588 61080 64904 59534 52332 64629 63806 78977 54612 60127 66273 70527 54401 54658 81750 56722 57272 79744 90927 84121 81148 166222 170202 167004 
