Hoard
4
24
0
21
4 955961 923037 975378 5071 4932 5322 1.266302 1.149298 1.346934 224295 256865 234692 207184 0 0 0 0 0 0 0 0 0 0 0 0 0 0 0 0 0 0 0 0 
5 965009 905344 1066675 6643 5762 7112 1.392685 1.264388 1.510324 195241 158040 190341 199824 198172 0 0 0 0 0 0 0 0 0 0 0 0 0 0 0 0 0 0 0 
6 973661 811481 1275326 8945 6618 10560 1.628545 1.483441 1.804709 162816 239918 241528 209784 198739 222540 0 0 0 0 0 0 0 0 0 0 0 0 0 0 0 0 0 0 
7 1164335 1020263 1302086 8681 7709 10157 1.621902 1.255032 1.832036 125361 115817 121223 127027 157852 178132 194849 0 0 0 0 0 0 0 0 0 0 0 0 0 0 0 0 0 
8 1150245 1124851 1203778 10081 9660 10459 1.886037 1.785016 2.036591 130295 118268 120482 109701 127561 171207 172603 195818 0 0 0 0 0 0 0 0 0 0 0 0 0 0 0 0 
9 1220939 1166096 1274361 10818 10342 11371 2.109458 1.887869 2.303962 84615 114632 130674 105526 98012 106072 187306 184708 154551 0 0 0 0 0 0 0 0 0 0 0 0 0 0 0 
10 2069647 1612820 2446438 7359 5944 9275 2.148435 1.744352 2.883602 112199 87132 108390 101596 156870 160954 150751 240821 251255 242849 0 0 0 0 0 0 0 0 0 0 0 0 0 0 
11 1929025 1858527 2073036 8522 7904 8843 2.805190 2.437613 3.078284 142038 105024 129676 105102 119699 170338 181126 141173 279055 269875 271501 0 0 0 0 0 0 0 0 0 0 0 0 0 
12 1903471 1760447 1986321 9517 9084 10303 2.922858 2.773247 3.087409 92875 106479 89275 105918 94988 95445 177737 193743 177339 248465 248531 255992 0 0 0 0 0 0 0 0 0 0 0 0 
13 1859092 1725271 1934280 10720 10168 11527 2.877663 2.607311 3.066086 86876 100295 75972 75998 89254 94297 85013 165270 130764 132571 228366 232936 227655 0 0 0 0 0 0 0 0 0 0 0 
14 1888589 1796944 1945474 11383 11052 11892 2.969757 2.771022 3.218536 87399 92061 84867 89122 89244 90237 86859 79690 150349 147758 139061 219105 220823 220365 0 0 0 0 0 0 0 0 0 0 
15 1827284 1669117 2021317 12724 11370 13923 3.287915 2.828787 3.997454 82089 85377 87625 81435 88495 82915 97137 94137 74741 144341 124927 141113 206197 210481 211426 0 0 0 0 0 0 0 0 0 
16 1563131 1522582 1578861 16145 15862 16626 3.239141 2.921676 3.996223 60165 79998 77906 84922 83737 66201 91724 81711 80688 70692 96328 95971 89382 178556 166250 168036 0 0 0 0 0 0 0 0 
17 1809253 1678471 1969833 14699 13232 15938 3.381606 3.090971 3.536570 96753 76277 62413 67829 106523 97544 92073 81616 103165 77847 99159 123425 126443 135773 207653 211129 204205 0 0 0 0 0 0 0 
18 1890278 1773420 2031193 14772 13573 15648 3.880891 3.535511 4.141808 72169 89012 98398 44113 75221 102959 62197 71973 63200 85584 106660 85634 84518 105676 96836 182710 169347 177209 0 0 0 0 0 0 
19 1721209 1496138 1872116 17557 15947 20315 3.264473 3.141160 3.317528 67286 49712 77345 67070 64553 49169 78284 61063 72252 61990 60109 44771 60858 74665 91535 86542 148175 141008 139744 0 0 0 0 0 
20 1664726 1626643 1704175 19096 18636 19526 3.126748 3.035756 3.265233 54849 56586 66479 64999 65499 67553 58527 62177 71755 58923 67998 77082 63911 57369 93035 120370 97335 161284 165445 172993 0 0 0 0 
21 1528263 1474214 1597319 22032 21075 22898 4.001400 3.088730 4.805832 62324 63527 57476 43311 61675 49202 59274 48432 62451 56943 49102 64068 52626 52820 54563 80676 69655 87611 132377 132318 133776 0 0 0 
22 1428089 1326246 1536698 24910 22974 26804 3.497450 3.017118 3.943203 45084 41867 46761 56266 47296 58723 50771 56510 51853 43262 41360 50279 53816 52051 53531 54412 69083 68322 66513 124788 110016 117433 0 0 
23 1571641 1406408 1636175 23570 22401 26378 3.850051 2.943132 5.729764 62508 47396 57433 49424 73026 55826 51982 49453 65535 64218 52909 53514 54930 50316 51698 50659 66097 97847 77137 92212 139494 133062 138352 0 
24 1656795 1393346 1950971 23552 19417 27863 4.624302 3.621803 5.063439 27894 45274 52301 52687 52681 62802 39986 51754 25177 33980 40983 57409 41953 45508 33720 47756 56055 46280 77525 72022 71662 117887 115081 124964 
