jemalloc
4
24
0
21
4 2790128 2740775 2854812 1760 1706 1801 1.012660 1.004335 1.025122 690603 694381 686847 687761 0 0 0 0 0 0 0 0 0 0 0 0 0 0 0 0 0 0 0 0 
5 3385568 3360350 3411913 1833 1815 1849 1.020666 1.018268 1.023568 678239 676940 668343 672984 682044 0 0 0 0 0 0 0 0 0 0 0 0 0 0 0 0 0 0 0 
6 3458227 2024070 3961629 2424 1896 3964 1.258443 1.028446 1.934446 306653 299592 273734 235931 451762 456395 0 0 0 0 0 0 0 0 0 0 0 0 0 0 0 0 0 0 
7 2198518 2119631 2274418 4417 4246 4567 1.732038 1.681203 1.773409 287860 225373 247290 287140 275853 399679 396433 0 0 0 0 0 0 0 0 0 0 0 0 0 0 0 0 0 
8 2159135 1921423 2293892 5300 4917 5891 1.865370 1.753397 1.947475 191967 209138 191308 217606 219417 198134 345532 348318 0 0 0 0 0 0 0 0 0 0 0 0 0 0 0 0 
9 1735499 1572784 1844323 7650 7224 8386 2.730879 2.570809 2.969238 123842 119578 123223 108140 193147 156399 161460 292094 294899 0 0 0 0 0 0 0 0 0 0 0 0 0 0 0 
10 1722349 1566271 1875792 8698 7799 9685 3.121954 2.578750 3.982507 97045 104079 110435 112936 105569 144727 160456 185754 272783 272483 0 0 0 0 0 0 0 0 0 0 0 0 0 0 
11 1702091 1608973 1816611 9737 9075 10345 3.217701 2.849617 3.441941 115084 85501 125110 75376 115595 107700 155818 163958 156638 255106 253086 0 0 0 0 0 0 0 0 0 0 0 0 0 
12 1809438 1729058 1936648 9977 9250 10379 2.887832 2.812261 2.944732 100774 108400 131147 131369 84120 99006 93885 153172 162557 174359 243326 246939 0 0 0 0 0 0 0 0 0 0 0 0 
13 1750264 1543487 1920990 11357 10116 12985 3.092135 2.745411 3.401601 67582 99549 78588 101783 83010 74138 78789 89870 150824 121630 138348 229887 229485 0 0 0 0 0 0 0 0 0 0 0 
14 1792302 1644231 1871741 11966 11451 13077 3.084059 2.716833 3.732520 87834 101208 89051 86905 92444 88670 107355 61776 65544 132906 136726 135146 228079 230582 0 0 0 0 0 0 0 0 0 0 
15 1724460 1666515 1833219 13433 12623 13852 3.761462 3.443049 4.261163 87322 55495 88100 55713 82796 98849 92569 105860 93756 88321 149890 126318 127578 207408 206536 0 0 0 0 0 0 0 0 0 
16 1727877 1526386 1908531 14411 12860 16478 3.218791 2.896339 3.691943 90463 107711 77770 69833 71418 116904 66887 102023 82032 87171 75465 116372 105347 138100 200850 203501 0 0 0 0 0 0 0 0 
17 1793074 1689527 1856547 14767 14270 15666 3.831372 3.681013 3.975038 65212 89452 75754 55688 92606 87028 84564 81752 72522 68369 90515 50396 113161 130134 131976 200326 200067 0 0 0 0 0 0 0 
18 1777482 1718265 1818498 15851 15368 16551 3.320675 2.953162 3.482684 78547 60608 75847 82760 81897 70735 59926 95848 79791 90306 88844 82771 56103 117341 99355 154992 193530 195389 0 0 0 0 0 0 
19 1799209 1569717 2035867 16685 14529 19143 3.273023 2.614872 3.848636 67502 68919 60594 61816 68846 69455 73312 62721 65965 75111 62675 66290 63877 57557 109740 88994 111355 168457 166525 0 0 0 0 0 
20 1797779 1603883 1931020 17642 16227 19857 3.740910 3.392702 4.242648 57328 68258 65643 75834 62563 74015 65219 52342 70163 50636 50015 58776 57925 66158 53449 119026 98983 118849 169010 169686 0 0 0 0 
21 1802754 1611427 1926429 18523 17092 20738 3.603922 3.167678 4.069958 80534 58840 77916 53790 74570 79898 78523 62665 71840 73488 60879 72048 70868 53553 60665 57043 102615 96256 113954 174660 174677 0 0 0 
22 1779955 1697059 1894969 19615 18307 20366 3.695723 3.351272 4.194152 71014 60918 48591 72640 63180 54384 66836 65641 57762 50196 65509 67153 68335 55921 64988 56110 69450 96998 99557 109356 165966 166547 0 0 
23 1864666 1783089 2054342 19551 17414 20476 3.313911 3.023172 3.542488 53627 55920 62275 65578 66301 69721 64515 70763 61027 59511 70413 56332 65334 70051 66253 77934 69072 62791 101901 89640 113786 162125 161469 0 
24 1867527 1758668 2035937 20451 18640 21736 3.536794 3.167837 3.764669 64881 68694 63182 62101 51438 66787 62483 64230 61521 60888 58825 59019 56490 56073 62407 59834 63164 58223 62982 110752 110047 117188 161434 162949 
