ptmalloc
4
24
0
21
4 337779 320979 374151 19199 17000 20239 1.787809 1.400849 2.332350 74670 88556 104496 106428 0 0 0 0 0 0 0 0 0 0 0 0 0 0 0 0 0 0 0 0 
5 276551 223468 343516 30548 23498 37226 1.812038 1.564341 2.150520 91211 43597 60148 54801 93757 0 0 0 0 0 0 0 0 0 0 0 0 0 0 0 0 0 0 0 
6 212633 174709 255332 47974 39144 57518 2.780445 1.871816 3.364283 68095 20240 27922 38566 24911 36024 0 0 0 0 0 0 0 0 0 0 0 0 0 0 0 0 0 0 
7 152431 122114 178113 78934 66260 96865 2.734544 2.081971 3.218980 10091 12224 20588 10156 22683 26384 19986 0 0 0 0 0 0 0 0 0 0 0 0 0 0 0 0 0 
8 158170 136484 174724 86238 77354 99050 3.604636 3.248315 3.858839 13884 15687 12149 12797 7469 25678 19996 28821 0 0 0 0 0 0 0 0 0 0 0 0 0 0 0 0 
9 120791 111820 131038 127212 116922 136938 2.941828 2.359926 3.472841 11065 8325 11648 7913 9241 12126 18675 16337 16486 0 0 0 0 0 0 0 0 0 0 0 0 0 0 0 
10 193526 104138 288691 110487 58382 163326 2.763323 2.103122 3.498322 15190 17382 14496 14100 29788 23611 26757 48896 49328 49140 0 0 0 0 0 0 0 0 0 0 0 0 0 0 
11 267684 225707 338909 71022 54554 82392 3.443090 3.215423 3.674929 11617 11679 11724 13068 10454 20908 21698 18228 35258 35507 35562 0 0 0 0 0 0 0 0 0 0 0 0 0 
12 269015 245174 311057 76001 64972 82936 4.101568 3.660420 4.434816 10691 8678 11362 11894 10554 10990 23379 21256 21311 38485 38296 38275 0 0 0 0 0 0 0 0 0 0 0 0 
13 199990 180743 228714 110974 96238 121759 3.790847 3.328957 4.571429 11790 11301 9723 11521 10548 12429 11632 16873 19600 16533 32191 32197 32369 0 0 0 0 0 0 0 0 0 0 0 
14 244525 213247 290016 98094 81520 110984 4.478271 3.797772 5.152740 10355 8512 10489 10545 9025 10370 6880 9984 12560 16450 18228 29915 30049 29880 0 0 0 0 0 0 0 0 0 0 
15 160642 137729 188391 160779 134871 184947 4.927657 4.047916 5.464083 6896 5866 5462 5196 8672 4782 5601 6784 3990 8748 12850 9969 21651 21684 21805 0 0 0 0 0 0 0 0 0 
16 145640 96719 175989 198149 154494 281350 4.358807 3.779554 5.213130 4533 3169 3863 5178 3374 4164 4185 4720 3522 5707 6014 6118 6662 11557 11970 11978 0 0 0 0 0 0 0 0 
17 128179 108188 144502 227869 199804 267471 4.699887 4.412378 5.123146 5517 5476 4059 6471 5245 5077 4927 5600 5391 4961 7033 8720 9380 11812 18275 18268 18283 0 0 0 0 0 0 0 
18 125275 104534 150283 248613 203256 292981 4.598217 4.186535 5.070271 5133 2977 2863 4424 2703 3041 4630 3940 3925 5611 2721 5450 5448 7011 6154 12830 12828 12840 0 0 0 0 0 0 
19 123227 112506 137566 263828 234892 286985 5.265928 4.490847 6.037834 4326 4138 3004 5397 4680 3715 3108 4362 3940 3861 4120 3390 4012 6371 7261 6505 13492 13383 13434 0 0 0 0 0 
20 97625 86674 118348 353683 287793 392072 5.520219 4.050439 7.256290 2731 2944 2982 2588 3108 3650 2825 3479 3614 3499 2703 2465 2756 3031 5224 4465 5083 9810 9984 9726 0 0 0 0 
21 91865 82330 109354 394597 327804 434478 6.482886 5.295210 9.274500 2933 2862 2606 4096 4107 3492 1846 2566 2316 2354 2877 2198 3127 2569 2900 5614 5444 5886 10074 10021 10078 0 0 0 
22 92185 74927 119260 419462 313816 501192 6.617222 4.572409 9.023058 1846 2352 3355 2220 1963 2788 2501 2787 2410 2881 2140 2440 2331 2916 1997 2570 3478 4010 3093 8068 8333 8440 0 0 
23 82989 65115 98407 483122 399502 602183 7.680067 6.530810 9.117344 3234 4024 1790 3392 2123 1887 3282 4169 1382 3131 1711 3214 2661 2606 1878 3610 1891 5210 6146 6356 11486 11588 11629 0 
24 70770 66055 78908 580601 517727 617581 7.126380 4.696128 9.735046 1776 2050 1930 2713 3019 3426 1031 1484 1334 1052 1096 2819 1866 1410 1289 2430 1334 1494 3198 3162 4023 7560 7498 7476 
