scalloc
4
24
0
21
4 825987 773616 897398 6084 5349 6615 1.224976 1.086716 1.451882 248598 239653 207260 201886 0 0 0 0 0 0 0 0 0 0 0 0 0 0 0 0 0 0 0 0 
5 821542 792297 874786 8193 7560 8594 1.591027 1.332721 2.137267 179676 130395 185752 146656 157146 0 0 0 0 0 0 0 0 0 0 0 0 0 0 0 0 0 0 0 
6 871207 755488 996284 10100 8628 11587 1.658631 1.249233 2.339940 166162 148692 114851 114761 179628 169518 0 0 0 0 0 0 0 0 0 0 0 0 0 0 0 0 0 0 
7 925298 880598 976359 11243 10251 12148 1.859824 1.731648 1.937590 104125 146912 103961 106239 128750 187196 199174 0 0 0 0 0 0 0 0 0 0 0 0 0 0 0 0 0 
8 1156681 857438 1432419 10904 8148 14361 2.089571 1.830509 2.722513 105157 133015 99031 125241 170816 174136 266262 269615 0 0 0 0 0 0 0 0 0 0 0 0 0 0 0 0 
9 1408267 1354929 1485553 9617 9092 10189 2.642437 2.530056 2.724195 118280 122992 113920 116238 100475 163730 155881 254207 253657 0 0 0 0 0 0 0 0 0 0 0 0 0 0 0 
10 1282667 1149412 1425645 12106 10649 13473 3.355651 2.687187 3.837763 89052 92288 76367 99440 79371 85412 117830 100399 205213 204036 0 0 0 0 0 0 0 0 0 0 0 0 0 0 
11 1382189 1279947 1520182 12319 10948 13382 3.508699 3.067499 4.100780 76648 100497 88232 64128 86128 98586 78170 130373 149763 227446 226517 0 0 0 0 0 0 0 0 0 0 0 0 0 
12 1367839 1238647 1524983 13688 12210 15031 3.560851 2.862223 4.654341 83444 82654 88374 82875 39970 97015 80741 70175 122924 118799 185639 186034 0 0 0 0 0 0 0 0 0 0 0 0 
13 1383618 1297542 1439471 14641 14067 15725 3.475868 3.026722 3.963457 64182 53450 68397 70825 103854 80977 96429 84655 78475 135763 133472 198559 199482 0 0 0 0 0 0 0 0 0 0 0 
14 1452762 1356545 1546730 15018 14001 16090 2.844501 2.738749 2.920666 72326 69158 68423 68426 83614 71779 71431 74447 85638 75096 119594 114640 190504 191465 0 0 0 0 0 0 0 0 0 0 
15 1438645 1322103 1496004 16384 15670 17890 3.336094 3.234565 3.430950 72451 54627 76318 63268 50439 53071 84684 76740 67431 79596 85914 115168 97056 173053 172282 0 0 0 0 0 0 0 0 0 
16 1415506 1361070 1486507 17897 16971 18623 4.152093 3.593346 4.692887 61121 73258 76179 74709 77744 64787 63911 57308 73354 37407 72053 84067 105103 116102 171076 171969 0 0 0 0 0 0 0 0 
17 1407035 1288914 1567284 19242 17098 21049 3.410337 2.849212 3.775459 55274 48301 45980 69614 78072 89700 49167 79011 66018 48269 72386 55630 70918 91635 95763 155672 155377 0 0 0 0 0 0 0 
18 1459974 1292227 1649393 19768 17217 22280 3.507806 3.194769 3.688602 58613 51312 49212 43577 57146 49046 59074 63135 52692 59645 51505 65202 63871 59365 95349 109102 151212 153163 0 0 0 0 0 0 
19 1430875 1365027 1519475 21271 19951 22330 3.964022 3.546402 4.586982 78851 70440 73386 61865 70015 64003 68257 41062 77643 91543 45845 74533 74455 71646 73872 90462 84910 154115 152566 0 0 0 0 0 
20 1507717 1467759 1545750 21170 20605 21812 4.099090 3.566051 5.068716 66444 44283 70958 47163 66259 68805 58045 72586 60818 39457 48490 81435 66355 80866 76214 68635 89572 80005 140657 140705 0 0 0 0 
21 1435305 1394548 1486810 23377 22477 23974 4.022230 3.449969 4.992726 44364 47194 58975 49169 49013 38769 37753 68697 68360 51076 39773 58615 52416 61001 60823 64499 73377 99355 90466 141680 141566 0 0 0 
22 1419500 1346139 1589129 24990 22013 26393 3.875383 3.445005 4.113301 56943 36107 34274 64228 40657 52217 56694 49663 40068 64106 55975 63293 38673 45162 51638 76939 54656 67606 68454 85062 135650 137654 0 0 
23 1382152 1258571 1541801 27177 24060 29681 4.412927 3.532274 6.291009 41203 34224 43602 62903 53053 50663 42444 42223 54114 48353 45126 48528 45011 47004 42002 46818 41517 53825 66007 65143 77291 128278 128122 0 
24 1501832 1433861 1634809 25761 23337 26996 3.767108 3.224648 4.638348 58675 41288 40891 61036 52354 58599 48903 58386 50028 55193 53231 52635 39399 57576 56223 57694 59071 60495 55834 58698 63535 82483 126787 127049 
