SuperMalloc
4
24
0
21
4 2687601 2633366 2709002 1853 1832 1906 1.018283 1.015976 1.020295 673691 675743 675113 684454 0 0 0 0 0 0 0 0 0 0 0 0 0 0 0 0 0 0 0 0 
5 2453174 1528248 3163941 2973 2008 4459 1.271724 1.014160 1.674661 264861 296887 284056 255151 427291 0 0 0 0 0 0 0 0 0 0 0 0 0 0 0 0 0 0 0 
6 1732566 1656140 1883120 4751 4360 4930 1.607316 1.522705 1.680849 228330 262882 265334 268646 254935 376011 0 0 0 0 0 0 0 0 0 0 0 0 0 0 0 0 0 0 
7 1508211 1160366 1884997 6852 5104 8729 2.132728 1.523366 2.732290 113703 124522 126737 114660 186219 199991 294533 0 0 0 0 0 0 0 0 0 0 0 0 0 0 0 0 0 
8 1364859 1174262 1535618 8612 7494 9895 3.373739 2.807330 4.193668 107904 85827 103031 111248 135844 154703 178516 297186 0 0 0 0 0 0 0 0 0 0 0 0 0 0 0 0 
9 1317534 1197433 1506345 10328 8833 11456 3.491667 3.279850 3.753326 110216 78052 109437 98558 105288 100403 167557 175273 256001 0 0 0 0 0 0 0 0 0 0 0 0 0 0 0 
10 1406201 1254748 1517498 10613 9749 11899 3.049752 2.903230 3.250874 102129 97483 113070 116541 84668 107922 89127 153702 144291 245811 0 0 0 0 0 0 0 0 0 0 0 0 0 0 
11 1436862 1400362 1461230 11461 11368 11625 2.993358 2.743918 3.220415 128536 111123 111908 106510 128489 103833 116809 76044 127633 144579 244894 0 0 0 0 0 0 0 0 0 0 0 0 0 
12 1463269 1275352 1644299 12545 10905 14325 3.135134 2.832840 3.483649 93420 83091 78171 114895 98142 64551 91027 89236 85687 136975 115279 224875 0 0 0 0 0 0 0 0 0 0 0 0 
13 1434326 1350736 1502305 13807 13073 14726 3.518531 3.389121 3.674822 115290 94422 94784 109729 55790 70522 68262 109957 110503 78517 107779 130160 205018 0 0 0 0 0 0 0 0 0 0 0 
14 1428405 1250187 1612112 15263 13228 17462 3.568005 3.024566 4.048979 78104 77362 79844 82072 69384 64633 84093 65957 62019 84799 60788 136600 120667 183859 0 0 0 0 0 0 0 0 0 0 
15 1524009 1434884 1611039 15271 14568 16248 4.391189 3.059709 6.318083 116058 111600 106758 87590 49998 94122 76573 97888 91554 67270 68424 89802 122802 108394 200527 0 0 0 0 0 0 0 0 0 
16 1553650 1456636 1651393 16016 14944 17029 4.376993 3.646051 6.420863 99748 52525 110498 103919 82501 106741 106341 58611 53779 90731 104599 55006 64807 110866 123436 195018 0 0 0 0 0 0 0 0 
17 1622718 1552794 1734497 16251 15172 17001 3.496256 2.787929 4.007155 103351 65647 80708 78481 91168 88346 74630 73926 75619 68719 84654 103181 73459 74775 124331 108773 183021 0 0 0 0 0 0 0 
18 1501877 1443689 1576632 18857 17903 19653 3.551140 3.451265 3.720638 65826 70845 71880 56687 71679 58542 76433 70752 70694 76047 72644 73086 51027 76086 67238 119453 117967 176799 0 0 0 0 0 0 
19 1665254 1488337 1757774 17959 16915 20301 3.854275 3.009392 4.711655 76178 60410 73576 55865 57011 84881 78135 96598 93326 83228 96421 86693 87401 87773 72865 87602 103268 124333 168119 0 0 0 0 0 
20 1605736 1492667 1653531 19694 19036 21165 3.992400 2.945992 4.997480 61913 91978 78790 97329 61250 52031 91037 45302 65526 52319 87822 90961 86772 87301 71827 42888 62118 109030 116188 177249 0 0 0 0 
21 1680297 1580904 1854875 19767 17749 21117 3.881881 3.300726 5.093942 88087 79258 59548 85185 57950 73471 65030 80076 59121 81676 41437 64830 62905 66632 62962 53711 81993 57271 104039 102397 153318 0 0 0 
22 1589651 1507016 1683480 22037 20608 23277 3.904095 3.162028 5.132466 50920 54912 78353 60523 46301 61069 88846 47976 78686 49804 44915 52177 51803 79627 50107 49124 71437 94439 77171 83864 82124 152835 0 0 
23 1624864 1563342 1687907 22513 21620 23363 4.117847 3.556293 5.152494 92939 100031 60133 59115 34188 82661 54957 69709 32014 84385 48862 49304 53965 50009 39703 81004 60633 66615 80188 51323 87092 103766 164953 0 
24 1737217 1600440 1958071 22129 19388 24082 4.692586 3.633618 5.875331 49748 65205 46604 60194 74923 63593 55511 53455 43841 47902 71262 55781 51346 54352 69456 68427 52896 58778 58355 60380 75882 108476 98954 159302 
