tcmalloc
4
24
0
21
4 1932619 1274075 3023016 2904 1571 3896 1.110618 1.011712 1.218746 333128 323795 372354 305522 0 0 0 0 0 0 0 0 0 0 0 0 0 0 0 0 0 0 0 0 
5 1272992 1003119 1627715 5394 4048 6540 1.667812 1.404705 1.944905 203886 177873 202833 174044 244481 0 0 0 0 0 0 0 0 0 0 0 0 0 0 0 0 0 0 0 
6 1119380 985924 1279288 7482 6293 8536 2.456275 1.957433 3.515074 127689 140681 194937 167705 146482 249943 0 0 0 0 0 0 0 0 0 0 0 0 0 0 0 0 0 0 
7 1107789 1053273 1201853 9013 8429 9291 2.382666 1.818761 2.825182 130092 155879 149421 122017 146109 143378 221921 0 0 0 0 0 0 0 0 0 0 0 0 0 0 0 0 0 
8 1146726 1065655 1227974 10119 9284 10896 2.549959 1.678239 3.449815 137429 141377 119669 105890 126495 120010 137074 177709 0 0 0 0 0 0 0 0 0 0 0 0 0 0 0 0 
9 1141604 1056386 1225862 11642 10902 12551 2.493464 1.837568 3.015702 60288 130496 144149 98735 136102 96113 99275 109414 181811 0 0 0 0 0 0 0 0 0 0 0 0 0 0 0 
10 1167064 1007935 1314756 12955 11325 14968 2.732813 2.258220 3.003958 133425 65822 85035 139829 96816 111733 76053 125985 104047 148641 0 0 0 0 0 0 0 0 0 0 0 0 0 0 
11 1182497 1073496 1319901 14077 12177 15462 2.915090 2.273380 3.496698 158220 66243 97592 90540 99966 151696 136693 159662 72364 136489 150433 0 0 0 0 0 0 0 0 0 0 0 0 0 
12 1194680 1067855 1411467 15491 12830 17092 2.771848 1.899529 3.565723 80348 100506 111730 86350 80693 76641 73305 102054 64502 81884 75926 133912 0 0 0 0 0 0 0 0 0 0 0 0 
13 1213849 1096884 1315354 16589 15158 18469 3.441715 2.521789 4.721886 83406 47488 101155 77894 94189 137274 29072 111101 83741 37310 97958 68174 128118 0 0 0 0 0 0 0 0 0 0 0 
14 1116749 1017458 1198969 19682 17967 21682 3.156866 1.829565 4.354420 64423 92019 59512 76828 41815 67362 82953 49537 83863 42650 74373 79320 65001 137797 0 0 0 0 0 0 0 0 0 0 
15 1211853 1102339 1358628 19379 16985 21461 2.848438 1.871986 3.770674 68891 72211 86303 78701 60899 73636 90915 50368 97848 56765 82394 79813 75565 92007 121242 0 0 0 0 0 0 0 0 0 
16 1214991 1070908 1392619 20862 17811 23728 2.895115 2.289001 3.608824 71434 81700 61510 81966 66288 77338 73660 81730 60347 54705 80933 77671 66826 61553 48865 128277 0 0 0 0 0 0 0 0 
17 1301123 1112950 1487034 20826 17721 24266 3.906416 2.568715 4.821908 78355 57386 55844 61808 82997 75253 91493 45871 72648 63913 64898 35618 69397 74692 52116 80767 90746 0 0 0 0 0 0 0 
18 1281458 1109903 1455553 22431 19199 25710 3.441596 2.208622 4.716018 52474 43890 58511 62939 81475 73561 39593 62491 65564 58472 42864 66725 38793 92480 56610 60267 53646 99542 0 0 0 0 0 0 
19 1203672 1014146 1409285 25585 21164 30113 3.328058 1.642191 6.179611 52148 63123 64359 42358 34634 64054 68918 62779 58849 57680 46237 53564 43307 56203 49673 39963 47609 47254 61427 0 0 0 0 0 
20 1208034 1133047 1284178 26448 24709 28208 3.231511 2.076310 4.429105 52842 43664 72084 46512 33285 55002 42004 39966 55567 81072 63897 72281 59659 84346 43564 41596 74140 42958 81111 99963 0 0 0 0 
21 1330257 1294163 1368559 25241 24628 25914 3.811605 2.624978 4.685534 78347 88861 31410 40029 50448 39405 101397 31441 88190 94422 78253 36920 67449 47359 79685 38527 87281 73148 29813 79898 97815 0 0 0 
22 1228120 1147080 1311918 28813 26782 30798 3.905224 2.208398 7.016954 43671 48079 62587 40181 60545 68003 51261 64764 69352 45674 67252 53513 33249 61877 33689 35341 42505 49939 44169 53073 39936 78412 0 0 
23 1179535 1089623 1218069 31593 30618 33986 3.210926 1.934934 4.852832 42030 54179 50910 48982 43265 33904 46398 46154 42812 37879 34035 65602 36118 59635 55020 54828 50884 49197 39149 35814 46370 52267 64185 0 
24 1227505 1093924 1330233 31849 28982 35776 3.857395 3.056443 5.236541 39477 62121 71642 43938 32414 60188 54586 63537 65006 68763 29356 66915 29855 40410 30024 62949 59135 59188 41932 27532 56827 39214 67850 84150 
