Custom_Allocator
4
24
0
21
4 1027977 951369 1153680 4631 3718 5434 1.291804 1.145662 1.407548 193798 234554 260824 272781 0 0 0 0 0 0 0 0 0 0 0 0 0 0 0 0 0 0 0 0 
5 1149485 1040919 1275777 5617 4987 6360 1.651478 1.453272 1.807066 211188 229999 214773 202445 294208 0 0 0 0 0 0 0 0 0 0 0 0 0 0 0 0 0 0 0 
6 1181649 1124993 1326985 6853 6088 7169 2.077559 1.697106 2.829177 177654 195552 175170 136736 161933 277946 0 0 0 0 0 0 0 0 0 0 0 0 0 0 0 0 0 0 
7 1191608 1080690 1349367 8243 7161 9208 2.314455 1.692802 3.219348 204872 86882 201898 125008 139157 130633 214034 0 0 0 0 0 0 0 0 0 0 0 0 0 0 0 0 0 
8 1197591 1064748 1320745 9518 8376 10897 2.607096 2.194345 3.479927 163707 209007 208291 171094 159789 95248 140884 172723 0 0 0 0 0 0 0 0 0 0 0 0 0 0 0 0 
9 1282682 1195946 1384835 10074 9062 10747 2.464104 1.718568 3.213523 153072 147848 149794 123078 97790 118620 105002 107796 192945 0 0 0 0 0 0 0 0 0 0 0 0 0 0 0 
10 1258311 1076470 1376167 11755 10781 13899 2.453717 1.932687 3.418483 108258 81122 143670 109494 99052 93147 86495 82188 97352 175688 0 0 0 0 0 0 0 0 0 0 0 0 0 0 
11 1234608 1169146 1315169 13325 12556 14072 2.249544 1.742225 3.147886 92629 141280 78819 144004 89455 142195 78198 142278 91456 79933 173923 0 0 0 0 0 0 0 0 0 0 0 0 0 
12 1223321 1203244 1279141 14838 14274 15164 2.781781 1.969142 4.848789 76966 87604 119185 77469 72986 103131 117903 72177 92085 109388 116029 158317 0 0 0 0 0 0 0 0 0 0 0 0 
13 1327322 1218716 1433922 14848 13679 16171 2.816485 1.993314 3.841393 101703 89225 96713 94653 78034 117294 72936 79223 90408 74779 92643 107227 145385 0 0 0 0 0 0 0 0 0 0 0 
14 1382142 1277640 1533106 15563 13789 16845 2.627863 1.828781 3.258691 111958 75274 83721 82908 107686 121080 82151 89974 80934 94770 52578 56316 101396 136891 0 0 0 0 0 0 0 0 0 0 
15 1359742 1212311 1452896 17096 15930 19271 2.818584 2.533693 3.331207 62983 48525 67985 69945 93393 113331 66862 67026 118861 85295 68010 119534 120155 129502 137879 0 0 0 0 0 0 0 0 0 
16 1450647 1261169 1643031 17116 14752 19698 2.997857 1.969659 4.845480 61073 110914 84254 87999 106050 93550 66973 68405 66618 110711 98415 96964 64245 71859 78049 120293 0 0 0 0 0 0 0 0 
17 1484575 1247758 1650365 18065 15829 21379 3.596811 2.416038 5.981537 69088 51501 74476 114573 116694 122274 82055 100219 130757 104579 71094 119962 72544 120832 95610 63966 122018 0 0 0 0 0 0 0 
18 1523269 1430298 1588054 18370 17460 19701 2.565839 1.928758 3.908204 76721 60230 97077 82624 95861 105132 88997 102184 83254 84061 61682 62968 88434 83182 86930 74825 76040 123374 0 0 0 0 0 0 
19 1596015 1392582 1948016 18911 15039 21617 3.299709 2.242567 4.792182 57704 62238 73148 66470 73955 71930 53300 89448 87464 78228 68914 69408 96455 82531 62863 74854 95458 82747 119530 0 0 0 0 0 
20 1560421 1384315 1815928 20309 17188 22626 3.214769 2.356768 4.054667 68331 56448 71608 51054 72244 88146 59041 93072 74919 88525 77276 78078 79488 72688 78122 68246 54986 87084 78217 120324 0 0 0 0 
21 1619618 1493323 1711802 20338 19157 22072 3.083491 2.487470 3.482059 96598 55587 54096 69261 65714 98883 64683 57905 78587 73877 83449 81286 71802 79153 100927 78237 87812 100152 80523 69841 134563 0 0 0 
22 1888891 1636838 2134005 18221 15673 20977 3.203588 2.146210 4.136493 126523 65716 98072 97903 108218 144648 71841 130370 63670 85660 138614 69573 114864 89165 70105 55684 77783 112746 89268 102335 83991 137249 0 0 
23 1626853 1500959 1747798 22425 20576 24300 3.001110 2.110001 4.218774 88069 78143 73035 52618 68637 47387 49866 70368 66090 71913 54351 63521 53320 65015 83733 80035 41739 58184 49380 59216 80470 68431 87861 0 
24 1726608 1543695 1846046 22150 20267 24792 3.509432 2.508419 5.198279 57442 89911 84489 91802 77913 43603 95399 96747 63457 78761 89001 51887 56663 81558 80463 79729 36630 96013 56103 97176 76148 99683 72823 92639 
