Hoard
4
24
0
21
4 943520 881717 1014004 5041 4423 5635 1.428271 1.160852 1.768728 266368 194699 263725 228750 0 0 0 0 0 0 0 0 0 0 0 0 0 0 0 0 0 0 0 0 
5 1023650 937535 1068328 6452 5751 7371 1.722602 1.557055 1.931750 211405 206830 201998 175238 272856 0 0 0 0 0 0 0 0 0 0 0 0 0 0 0 0 0 0 0 
6 1045501 998485 1073560 7826 7381 8154 1.741379 1.606219 1.855456 192506 113489 148521 153507 191845 198615 0 0 0 0 0 0 0 0 0 0 0 0 0 0 0 0 0 0 
7 1066271 1029686 1138739 9425 8787 9853 1.867939 1.665926 2.039276 157468 94416 132919 158371 182377 144915 192541 0 0 0 0 0 0 0 0 0 0 0 0 0 0 0 0 0 
8 1127977 1017395 1258859 10177 8894 11481 1.785422 1.534933 2.324955 171811 140527 133164 178704 148203 146100 134630 205718 0 0 0 0 0 0 0 0 0 0 0 0 0 0 0 0 
9 1156238 1117524 1216921 11338 10930 11731 2.027160 1.606218 2.556352 138128 155208 104368 124617 110843 110610 135368 100728 177394 0 0 0 0 0 0 0 0 0 0 0 0 0 0 0 
10 1139767 1082547 1206918 13029 12153 13869 2.240135 1.659395 2.944537 116105 116560 113592 88095 95309 106018 80001 101111 122201 167038 0 0 0 0 0 0 0 0 0 0 0 0 0 0 
11 1152377 1052131 1236184 14480 13443 15986 2.402823 2.147184 2.889242 97275 74084 114788 82985 104583 106120 108850 62579 134369 104658 130806 0 0 0 0 0 0 0 0 0 0 0 0 0 
12 1288385 1133582 1462330 14202 12226 16177 2.054132 1.728118 2.438252 94832 148992 124755 117532 94309 61106 116734 119748 124194 110208 79544 143085 0 0 0 0 0 0 0 0 0 0 0 0 
13 1248633 1096953 1400201 15982 13992 18349 2.385083 2.174633 2.595613 76584 116136 111246 123587 68565 56583 100957 106695 69927 114737 58423 77614 117399 0 0 0 0 0 0 0 0 0 0 0 
14 1221820 1073788 1377127 17874 15484 20492 2.517750 2.025043 3.045898 84271 77870 83534 99135 79223 101413 91022 64355 80513 97262 94256 82018 82523 130321 0 0 0 0 0 0 0 0 0 0 
15 1373995 1173619 1594588 16967 14191 19967 2.123559 2.023957 2.253993 78962 93867 81377 69877 81267 73488 76538 58701 95362 74817 70003 81014 66816 53888 117637 0 0 0 0 0 0 0 0 0 
16 1345285 1266961 1433884 18660 17452 19804 2.735193 1.713671 4.157545 127226 71326 52084 74979 99748 75271 77560 66117 78523 83575 89453 64575 66912 55923 79818 103865 0 0 0 0 0 0 0 0 
17 1315913 1204129 1420127 20384 18372 22159 2.758754 1.841805 3.841542 43518 80570 78555 83082 57427 100618 61831 80495 93217 62127 64389 60670 53419 57483 70749 70200 112898 0 0 0 0 0 0 0 
18 1453501 1335019 1552368 19319 17903 21205 3.237664 2.460141 4.120888 94315 101242 80141 61665 70951 95752 96646 76488 109037 83476 41080 82091 78036 97417 95052 93963 84234 110775 0 0 0 0 0 0 
19 1307396 1230375 1368393 22943 21701 24334 2.753603 2.123291 3.389945 30796 60286 69178 62779 86103 41353 68252 80264 104399 56801 89954 66264 45045 82684 43613 90097 99498 95205 95815 0 0 0 0 0 
20 1341912 1292834 1416058 23573 22154 24555 2.412144 1.882373 2.686836 84174 83347 41978 45152 92936 89389 44862 56305 45866 78693 78477 64131 57114 79882 55771 85739 55216 54621 64733 105819 0 0 0 0 
21 1590585 1473150 1718351 20742 19055 22467 3.551826 2.298542 4.844405 57119 52385 113506 59803 45710 70906 29215 110595 135315 91186 114766 120685 38772 91483 65185 88831 47242 107618 84013 84036 109972 0 0 0 
22 1403424 1163220 1583574 25231 21816 30448 2.234350 1.929376 2.613703 51791 43840 57791 45163 66279 49514 56459 43304 47169 48148 53557 53630 56022 47785 50351 53179 46745 51595 47391 55226 54724 83550 0 0 
23 1329457 1168818 1460300 27721 24929 31535 2.569386 1.670971 3.313860 52660 64683 76607 58508 58302 63617 61233 59968 56167 32844 47005 36405 69289 73942 75648 54315 30971 55851 50238 47925 78201 64554 102634 0 
24 1553888 1484060 1633779 24546 23202 25774 3.234490 2.182611 5.644689 62766 59272 53664 70056 71023 45540 63831 62632 56594 70277 47393 68534 69640 47209 57678 71462 77217 57409 65065 64510 65408 39633 38819 98420 
