jemalloc
4
24
0
21
4 930071 879385 1001524 5312 4793 5552 1.338621 1.166680 1.477438 209080 239637 258816 205161 0 0 0 0 0 0 0 0 0 0 0 0 0 0 0 0 0 0 0 0 
5 1055031 1008834 1129265 6315 5726 6669 1.833023 1.354129 2.399452 208306 194703 130790 194996 313826 0 0 0 0 0 0 0 0 0 0 0 0 0 0 0 0 0 0 0 
6 1059268 983955 1109611 7739 7268 8248 1.608718 1.536770 1.692750 173525 203972 169356 158616 150085 254056 0 0 0 0 0 0 0 0 0 0 0 0 0 0 0 0 0 0 
7 1040716 1016249 1073409 9586 9058 10044 1.974186 1.919463 2.027516 140033 118726 111657 172497 186025 107024 206438 0 0 0 0 0 0 0 0 0 0 0 0 0 0 0 0 0 
8 1053989 1021221 1077626 11143 10799 11444 2.018201 1.764803 2.304131 128392 117823 106250 124760 110808 120009 112450 200726 0 0 0 0 0 0 0 0 0 0 0 0 0 0 0 0 
9 1128997 1064548 1197225 11801 11066 12462 2.143934 1.918055 2.688015 73891 154661 132465 110483 127456 116597 80331 131625 198621 0 0 0 0 0 0 0 0 0 0 0 0 0 0 0 
10 1103242 1046604 1184978 13575 12387 14383 2.454629 1.940193 2.973429 127108 110096 124676 84198 118032 118070 128426 89501 121507 163361 0 0 0 0 0 0 0 0 0 0 0 0 0 0 
11 1084830 1013005 1125730 15461 14719 16492 1.910297 1.629780 2.131293 79124 113168 106146 103534 80955 120973 73845 113076 70757 79762 137076 0 0 0 0 0 0 0 0 0 0 0 0 0 
12 1152817 1090918 1239092 16014 14840 16891 2.282056 1.893790 3.267706 142908 71129 45291 48380 63730 140241 127255 144956 147997 47336 56370 127750 0 0 0 0 0 0 0 0 0 0 0 0 
13 1195412 1124984 1321647 16789 15146 17903 2.349472 2.098439 2.610809 110554 97400 93439 113259 71805 68049 100123 83813 88699 96013 50620 96935 132160 0 0 0 0 0 0 0 0 0 0 0 
14 1189903 1121794 1274525 18254 16843 19645 2.242200 2.032183 2.634521 93206 96520 98291 83531 96457 87723 69138 82170 69011 82671 79261 74080 122219 140243 0 0 0 0 0 0 0 0 0 0 
15 1382058 1317039 1505121 16691 15352 17316 2.264515 1.733509 3.089166 117918 112640 81681 80454 111759 122735 120326 115782 90659 70801 74723 73797 109964 114785 107093 0 0 0 0 0 0 0 0 0 
16 1327557 1229643 1391242 18758 17752 20348 2.147616 1.891099 2.378702 76235 64906 65883 87217 84740 70072 77196 73045 100843 96115 76016 81461 75333 98410 62669 133367 0 0 0 0 0 0 0 0 
17 1376566 1279250 1479586 19302 17812 20660 2.495378 1.924400 3.157114 58634 39890 87022 95882 77739 87889 82532 83828 77598 72307 89491 93334 71265 77610 67816 67299 125938 0 0 0 0 0 0 0 
18 1214162 1128262 1279615 23554 22156 25373 3.019812 2.122353 3.725401 85724 86690 83670 57196 35882 93870 72543 57348 58565 62778 66518 56022 65015 56959 65866 69976 66560 133677 0 0 0 0 0 0 
19 1380458 1243125 1496172 21804 19887 24115 2.669887 2.060206 3.059230 87178 70531 52520 47955 60195 72720 76252 38158 66561 71532 44111 57458 60138 55105 75086 50107 88146 64172 105193 0 0 0 0 0 
20 1436247 1329076 1520678 21856 20539 23698 2.361701 1.690347 3.826236 80397 73555 84746 71474 54568 63001 56100 53695 70824 73142 74146 64701 75646 71935 70542 59482 85028 85077 76822 117504 0 0 0 0 
21 1448178 1327659 1566511 22943 21121 24795 2.458582 2.062585 3.091987 46140 75808 94438 78687 71287 71936 74307 65376 55522 60653 60502 47346 69595 95754 60445 53074 54422 53042 57269 68371 90254 0 0 0 
22 1252541 1164344 1354810 28190 25870 30278 2.476573 1.687711 3.280782 48923 53448 46379 52916 55819 53201 43967 45863 49737 48341 61540 46205 55117 47825 42513 58821 71749 63239 46625 49024 57491 65595 0 0 
23 1460799 1403425 1577045 25105 22881 26198 2.528503 1.749635 3.346879 63163 75686 59042 48693 57485 59044 81624 75898 57074 80261 62810 51043 72687 85277 73385 67789 76619 61187 65196 74570 72771 58791 96943 0 
24 1415148 1353222 1539800 27144 24723 28375 2.919946 2.212157 3.714665 42496 56586 54176 62892 66867 61382 52975 61225 62167 56025 69092 61259 50722 53001 53357 58188 42174 57103 49968 63990 61086 62755 48847 93297 
