ptmalloc
4
24
0
21
4 372590 343534 405078 17232 15745 18661 1.595792 1.319901 1.743140 80060 100893 86140 76440 0 0 0 0 0 0 0 0 0 0 0 0 0 0 0 0 0 0 0 0 
5 290502 248666 320502 28734 25458 33399 2.349683 1.719906 2.993319 30734 53587 52867 44877 91996 0 0 0 0 0 0 0 0 0 0 0 0 0 0 0 0 0 0 0 
6 205111 163360 260801 51390 38522 62028 2.724958 2.094048 4.093506 25554 22487 18695 32426 24392 39804 0 0 0 0 0 0 0 0 0 0 0 0 0 0 0 0 0 0 
7 169662 165120 174422 69658 67882 71591 3.067293 2.427112 3.766977 28244 16398 17141 19291 13606 19348 51256 0 0 0 0 0 0 0 0 0 0 0 0 0 0 0 0 0 
8 140708 120204 166402 97595 81111 112861 3.547094 3.009565 3.942113 15034 15307 22560 8603 7839 12796 8402 29660 0 0 0 0 0 0 0 0 0 0 0 0 0 0 0 0 
9 150602 140623 169854 101729 89689 108271 2.961973 2.429948 3.434287 11210 11427 11609 13502 17163 12873 15046 13887 33903 0 0 0 0 0 0 0 0 0 0 0 0 0 0 0 
10 117794 109228 130034 145193 130492 155771 2.587147 2.058000 3.190780 11682 10695 15704 9616 16518 9235 11314 9359 9315 19007 0 0 0 0 0 0 0 0 0 0 0 0 0 0 
11 122592 94400 142395 156281 131124 198184 2.425168 1.743664 3.394328 13030 6566 9185 7938 6177 11859 8540 6115 5218 6842 12926 0 0 0 0 0 0 0 0 0 0 0 0 0 
12 112300 97344 140745 185210 144764 209638 2.627633 1.949209 3.718768 7717 7162 10845 6892 7636 12985 6368 6794 7512 6348 8107 16333 0 0 0 0 0 0 0 0 0 0 0 0 
13 117735 106754 127922 189194 173023 207890 3.051946 2.076256 3.803230 7711 6283 6872 11254 14135 10454 8270 7282 6552 9554 7430 11500 20621 0 0 0 0 0 0 0 0 0 0 0 
14 106324 90394 127234 227686 186738 262693 2.843376 2.042401 4.591989 7726 7317 7148 6697 7675 6812 6281 9368 8791 9110 8187 7419 6536 12829 0 0 0 0 0 0 0 0 0 0 
15 116105 103762 125500 221137 203339 246517 2.827072 2.306298 3.547153 7816 5897 8640 6921 8240 10464 8343 11269 5029 6210 7969 8595 8417 6831 11641 0 0 0 0 0 0 0 0 0 
16 113823 96120 137148 244176 198903 283574 2.739663 2.274031 3.107756 14075 4743 11437 4640 4999 9317 9647 7916 10439 12473 7815 7411 6530 7180 7163 11356 0 0 0 0 0 0 0 0 
17 92824 86784 100944 313263 287545 334553 3.577401 1.734003 7.603427 6421 5054 4224 4976 4727 4975 4197 6140 4770 5140 5485 4145 4393 4115 7136 4440 6442 0 0 0 0 0 0 0 
18 101912 87717 118449 304375 258292 349539 2.958278 2.183681 3.669684 6200 6591 5257 4841 4041 3873 5067 5584 9635 6048 6396 5687 5724 5191 5059 5184 4214 9219 0 0 0 0 0 0 
19 81730 68194 97395 406316 331933 475098 3.486556 2.425993 4.657562 3593 3281 2567 4599 3639 3571 2867 3718 4629 3405 2887 3393 3679 3890 3481 2698 2750 3315 6228 0 0 0 0 0 
20 74977 58420 94172 467929 362067 583954 3.099441 2.610123 4.149312 7761 3935 4091 4640 4374 4376 4775 4776 4933 4091 4910 2971 3665 5228 4302 4497 4437 4216 3922 8267 0 0 0 0 
21 80351 75059 85656 447578 419571 477867 4.583703 3.393590 5.892311 4479 5279 1857 3719 3526 4250 4360 4198 2023 2248 4850 3781 3087 4301 2648 2633 2578 3682 2113 4058 9492 0 0 0 
22 68351 61181 76355 551878 490666 611916 3.537687 2.449713 5.136522 2810 2394 2533 2560 3708 3304 2866 2435 2568 2400 3830 3460 2981 3201 2650 2953 3224 1856 2917 3137 2556 4546 0 0 
23 72359 68353 82159 545949 478038 573680 3.772387 2.767511 6.339933 3484 2688 3546 2738 5305 2289 3388 4764 3742 4116 3094 2236 3112 3648 2424 3303 3002 3717 3230 3642 6190 3040 5452 0 
24 69271 62985 77683 593988 525953 650186 3.691533 2.929845 5.101888 1994 2472 1702 3204 4790 3468 3171 2236 2584 2147 2803 3162 2080 2300 2043 4151 1583 2828 3280 1812 1940 2075 1697 5510 
