scalloc
4
24
0
21
4 811520 770930 840464 6441 6052 6953 1.346075 1.195964 1.666860 193855 207904 195332 173838 0 0 0 0 0 0 0 0 0 0 0 0 0 0 0 0 0 0 0 0 
5 901806 853170 955180 7643 7102 8394 1.706877 1.554315 1.842116 166409 165223 165027 158455 262134 0 0 0 0 0 0 0 0 0 0 0 0 0 0 0 0 0 0 0 
6 849183 792811 885921 10227 9601 11022 1.891256 1.609367 2.263821 109271 106377 107371 148765 149826 171199 0 0 0 0 0 0 0 0 0 0 0 0 0 0 0 0 0 0 
7 839746 807848 874161 12328 11746 12900 1.923086 1.668206 2.418617 134894 97511 105483 124354 126861 106245 178811 0 0 0 0 0 0 0 0 0 0 0 0 0 0 0 0 0 
8 847593 810501 930391 14349 12905 14928 2.199019 2.037853 2.405930 132927 72816 67650 125288 93956 81212 87702 148949 0 0 0 0 0 0 0 0 0 0 0 0 0 0 0 0 
9 967822 928463 1062398 14082 12737 14711 1.999819 1.764508 2.336323 96360 102894 118109 100277 96488 94781 89485 85404 150696 0 0 0 0 0 0 0 0 0 0 0 0 0 0 0 
10 973918 848829 1138416 15841 12934 18438 2.065837 1.827554 2.326470 104603 60256 88547 63117 77170 68328 71823 98852 85819 130310 0 0 0 0 0 0 0 0 0 0 0 0 0 0 
11 962751 892129 1046718 17633 15932 18954 2.062820 1.536223 2.444698 60794 94265 77972 71329 101492 74819 101567 93295 113356 82646 110433 0 0 0 0 0 0 0 0 0 0 0 0 0 
12 1018445 888038 1095023 18387 16808 21275 2.927190 1.927437 4.291367 93535 93459 82125 61879 58282 82947 46040 78240 58380 46569 50698 135880 0 0 0 0 0 0 0 0 0 0 0 0 
13 1022149 945964 1165514 20072 17281 21569 2.051833 1.820668 2.266787 67569 57042 76632 70565 68445 79971 59378 66234 87093 72696 59947 64372 116015 0 0 0 0 0 0 0 0 0 0 0 
14 1051553 919633 1193335 21153 18218 24222 2.306824 2.022034 2.741465 64943 84466 75014 71232 50982 65264 62201 72379 71988 99528 93078 79027 55201 103088 0 0 0 0 0 0 0 0 0 0 
15 1129239 1020897 1347594 21034 17289 23209 2.566099 1.862877 4.112279 91963 110339 99218 82090 111116 85254 112940 100878 98042 72521 60626 89147 76715 67695 89046 0 0 0 0 0 0 0 0 0 
16 1086613 874726 1266457 23822 19744 29503 2.526109 2.099061 2.863170 69825 64066 108250 100301 61697 72655 102048 103774 73827 66479 58366 82833 75240 67383 51571 108135 0 0 0 0 0 0 0 0 
17 1043617 932048 1149634 26042 23459 28997 2.285453 2.109187 2.494211 51263 45015 77769 74440 43904 60836 61680 56366 45243 45276 40380 50098 54313 43295 67712 72389 85169 0 0 0 0 0 0 0 
18 1009663 933962 1105976 28756 26252 31056 2.951600 2.251490 3.985071 68600 44130 59411 51208 56951 59544 40195 58842 52495 54088 53578 53544 53858 37035 44520 62450 66492 83384 0 0 0 0 0 0 
19 1063174 948640 1215868 28994 24832 32184 3.032654 1.758306 5.479530 70559 82180 78305 74560 55598 33441 39360 50653 41884 69690 42346 77084 80509 38628 37859 79079 30221 57502 76804 0 0 0 0 0 
20 1090357 1052573 1172729 29585 27384 30566 2.726959 2.235040 3.477164 49868 46349 44343 62249 53263 47062 42794 43695 54255 47152 61310 52875 57329 45806 53411 48929 39248 46338 68568 87722 0 0 0 0 
21 1099696 1044151 1251236 30979 26898 32427 2.785430 1.978523 3.821334 37246 46537 31919 69686 36507 55808 24517 68159 73966 77578 54405 73868 49362 55072 52375 43778 41024 25460 26763 20765 79350 0 0 0 
22 1054544 1018506 1121610 33764 31376 34945 2.321117 1.985306 2.629483 31753 39231 55517 38197 53820 64719 32491 50913 46964 57747 60370 46304 29634 40290 39829 46856 38578 50683 32148 40083 48243 74130 0 0 
23 1185692 1085777 1325042 31534 28100 34096 2.500771 2.276431 2.763751 60592 49008 41804 51583 46337 49049 51045 47408 58674 53000 35279 50712 51334 30248 40912 44742 41054 51851 40721 51206 60353 49246 69136 0 
24 1158354 1120680 1193359 33573 32444 34866 2.236367 2.014999 2.705521 50904 45180 58728 53093 62202 42212 54356 57356 35867 35610 49844 54098 54616 33056 54581 44030 45969 56727 68238 51907 40980 38111 43170 59302 
