SuperMalloc
4
24
0
21
4 856986 824576 889327 5840 5512 6159 1.240086 1.128738 1.286393 192085 210188 205010 243335 0 0 0 0 0 0 0 0 0 0 0 0 0 0 0 0 0 0 0 0 
5 940612 908128 964689 7239 6970 7457 1.794272 1.608085 2.084529 132557 192886 172468 152752 276320 0 0 0 0 0 0 0 0 0 0 0 0 0 0 0 0 0 0 0 
6 926359 857946 990605 9230 8505 10180 2.145330 1.819913 2.767217 171082 160165 155304 98642 151236 194710 0 0 0 0 0 0 0 0 0 0 0 0 0 0 0 0 0 0 
7 987806 916753 1026358 10276 9801 11122 2.170762 1.894351 2.467646 110691 132069 113567 156580 132103 144233 214639 0 0 0 0 0 0 0 0 0 0 0 0 0 0 0 0 0 
8 1004237 928847 1132168 11735 10002 12740 2.143282 1.643924 2.986782 123784 125046 128453 101037 91308 95697 86862 176659 0 0 0 0 0 0 0 0 0 0 0 0 0 0 0 0 
9 1079075 992161 1138516 12454 11793 13649 2.201194 1.759406 2.924189 109661 60026 118308 113034 77271 97354 110852 130124 175528 0 0 0 0 0 0 0 0 0 0 0 0 0 0 0 
10 1104492 1013501 1210640 13630 12247 14773 2.180182 1.457749 2.920093 102331 107830 95258 116779 114897 103226 80308 115541 126321 175345 0 0 0 0 0 0 0 0 0 0 0 0 0 0 
11 1095926 1030437 1193774 15229 13930 16215 2.489901 1.928401 2.941315 106348 81206 84920 77762 89579 81943 83577 82614 106516 86011 149956 0 0 0 0 0 0 0 0 0 0 0 0 0 
12 1083189 1060273 1130965 16958 16063 17451 2.046201 1.831545 2.302582 88283 85237 80890 109107 62266 98967 83039 87673 104679 112335 75111 143373 0 0 0 0 0 0 0 0 0 0 0 0 
13 1121562 1012557 1166755 17955 17178 20028 2.535110 2.211610 2.972032 95996 109997 100627 105911 79637 71739 74106 93761 62484 70676 100073 63553 138191 0 0 0 0 0 0 0 0 0 0 0 
14 1126677 1105140 1169402 19361 18749 19738 2.254518 2.075285 2.590309 111654 51180 51920 68762 79695 63836 60022 94826 108284 106208 91877 98593 72667 109874 0 0 0 0 0 0 0 0 0 0 
15 1312144 1151627 1472774 17792 15363 20133 2.364145 2.055879 2.920090 86596 117168 114552 94523 57791 113525 97344 110519 119643 46999 100399 94195 121956 60318 137241 0 0 0 0 0 0 0 0 0 
16 1286139 1211926 1381618 19467 17862 20701 2.185092 1.944693 2.759416 129811 80543 57997 81029 66205 76846 56779 96472 74289 68093 74865 49216 118010 125731 89922 135808 0 0 0 0 0 0 0 0 
17 1357005 1199673 1651334 19808 15659 22396 2.943399 1.928272 4.156508 95507 84723 100706 78350 59929 93505 58212 54019 70560 104163 89403 55451 65923 69236 98472 70215 99744 0 0 0 0 0 0 0 
18 1139478 1124725 1179373 25051 23909 25651 2.458233 1.988901 2.971577 47073 43530 56824 36942 61463 44076 65027 56880 78230 40414 85816 67380 65021 63564 83966 51634 83034 93844 0 0 0 0 0 0 
19 1364784 1256156 1498943 21941 19665 23798 2.644308 2.126340 3.049832 62537 73127 60083 64749 67401 60557 76252 65173 57786 70875 77119 71950 67709 58909 55411 64218 64263 51889 110333 0 0 0 0 0 
20 1304216 1171913 1406086 24454 22379 27285 2.464037 2.208985 2.590992 52232 60195 32167 62377 80829 49114 60469 54634 68215 61991 63404 62257 52038 49513 51091 46429 59499 60596 74885 69972 0 0 0 0 
21 1348103 1268858 1502194 24843 21789 26494 2.979125 2.727662 3.338310 64101 56879 75029 27687 69350 42914 68575 61683 64641 56685 53624 66756 62229 63835 52321 57007 60627 81264 67940 85121 92430 0 0 0 
22 1395360 1283673 1534710 25166 22451 27316 2.564131 2.415284 2.794866 80851 70716 58413 65172 65762 86372 43833 57425 89812 77531 70455 37185 51391 41803 59078 52872 66094 60055 82225 63450 56353 86135 0 0 
23 1400367 1239108 1505205 26215 23995 29590 2.492359 2.058287 3.390053 56451 66603 77616 75555 54963 82067 76131 73249 38676 44272 48912 76316 78015 47868 78293 76681 47481 73731 72581 72789 71187 39045 76713 0 
24 1434723 1383764 1490384 26486 25327 27559 2.311343 1.738141 2.618466 53089 75012 75598 42602 75912 60630 52520 55153 68848 54424 64274 38850 66117 38801 64686 64976 65272 52644 52508 31280 46693 54420 49771 79677 
