tcmalloc
4
24
0
21
4 996393 953790 1093430 4759 4052 5189 1.384069 1.198399 1.706355 272415 262709 253960 304345 0 0 0 0 0 0 0 0 0 0 0 0 0 0 0 0 0 0 0 0 
5 1045230 1018463 1075750 6246 5919 6660 1.965239 1.862336 2.148216 190830 218028 185659 163940 305312 0 0 0 0 0 0 0 0 0 0 0 0 0 0 0 0 0 0 0 
6 1043404 997716 1081740 7954 7649 8311 1.923272 1.652119 2.288825 152466 162675 155871 151016 184794 249497 0 0 0 0 0 0 0 0 0 0 0 0 0 0 0 0 0 0 
7 1086733 1014146 1141396 9097 8668 9788 1.792272 1.517693 2.146156 140976 149562 177683 153525 148883 149324 221440 0 0 0 0 0 0 0 0 0 0 0 0 0 0 0 0 0 
8 1096739 1020783 1203138 10563 9398 11585 1.868754 1.551446 2.379155 121042 107470 112106 147216 131018 148777 140185 177938 0 0 0 0 0 0 0 0 0 0 0 0 0 0 0 0 
9 1100594 1033970 1163764 11977 11005 12837 2.466029 2.299570 2.628553 88698 70450 137392 132586 106586 163552 130380 148934 185183 0 0 0 0 0 0 0 0 0 0 0 0 0 0 0 
10 1126449 937589 1301850 13445 11118 16443 2.456664 1.945633 3.191918 89228 163822 51324 105182 84612 60604 112259 79560 64470 126526 0 0 0 0 0 0 0 0 0 0 0 0 0 0 
11 1240175 1061118 1365765 13413 11926 15767 2.260520 2.039527 2.509225 104483 77329 89578 107822 100317 82421 91415 87704 89736 75771 154538 0 0 0 0 0 0 0 0 0 0 0 0 0 
12 1204444 1125820 1353089 15124 13333 16097 1.962017 1.641349 2.267812 110819 114206 76454 71023 112545 69190 83499 98996 98311 110888 68671 155733 0 0 0 0 0 0 0 0 0 0 0 0 
13 1106947 1042535 1212617 18158 16236 19304 2.287002 1.941992 2.708491 114523 107562 66057 66899 77103 108784 76845 107237 98758 91879 90301 55727 150937 0 0 0 0 0 0 0 0 0 0 0 
14 1180816 1059377 1263758 18408 16934 20714 2.710830 2.490503 3.216900 72926 53106 119969 70997 76370 89385 121746 91187 111910 70426 111360 79455 62138 132778 0 0 0 0 0 0 0 0 0 0 
15 1167907 1000884 1295799 20251 17769 23915 2.610258 2.160003 2.977689 84750 73592 88218 61857 61745 88987 86968 81099 84022 62628 66631 67712 49516 42156 102409 0 0 0 0 0 0 0 0 0 
16 1150732 1006513 1362154 22149 18232 25258 2.809736 2.306819 3.108014 64873 65747 68267 54752 43766 69331 66079 49780 65847 53173 56026 70077 57533 56109 64187 100961 0 0 0 0 0 0 0 0 
17 1213608 1116456 1344458 22231 19715 24344 3.225343 2.551088 5.050775 133096 86232 32994 51287 114858 43603 77998 45728 43075 140987 27914 77094 133531 38216 121568 70687 105588 0 0 0 0 0 0 0 
18 1188247 1136010 1279524 24025 22102 25191 2.182115 1.917369 2.333754 66143 61452 66523 63318 70983 56222 66399 52143 73793 51405 66466 52675 78233 68013 57270 71796 72375 98562 0 0 0 0 0 0 
19 1233525 1138975 1378623 24533 21524 26617 2.468776 2.113901 2.614133 44647 47745 59313 53154 61795 60616 44766 58943 67331 57771 48893 68181 77906 51788 68437 65333 64835 58687 114309 0 0 0 0 0 
20 1098455 901304 1205248 29784 26525 36376 2.147102 1.857596 2.432716 59404 53311 48804 50777 57116 51395 52475 52680 54549 53939 50518 57286 61393 51461 51313 48961 48918 50920 55447 90659 0 0 0 0 
21 1146157 1061771 1279081 29607 26097 31783 2.529128 2.183470 3.174235 49074 49126 69585 58409 50629 53252 61399 67693 54945 61023 70745 61143 57697 55526 77282 72484 40742 50289 67643 55293 95093 0 0 0 
22 1163605 1130493 1188404 30463 29383 31577 2.538516 1.972366 3.617128 64830 42734 75979 39595 69463 43581 60997 42573 54933 52984 54252 61820 53059 55332 40266 52483 48613 52688 42694 45594 42644 81740 0 0 
23 1151741 1114556 1208697 32404 30759 33448 3.639488 2.517403 4.548310 38911 36333 42412 57428 32484 34854 50119 50312 60111 58669 58449 44746 59632 44080 43670 57154 52259 47748 44142 46810 67003 46452 81775 0 
24 1113515 992117 1202545 35317 32666 39705 2.420210 2.292378 2.589338 44702 37167 42491 40343 54185 45565 32483 41207 43306 38273 28175 40996 35547 41965 36553 39041 48727 39156 30072 34703 36566 49039 47230 64617 
