Custom_Allocator
2
20
350
17
4 151559 55590 367400 46962 10459 79043 2.181031 1.215795 3.350787 0 0 60336 49627 0 0 0 0 0 0 0 0 0 0 0 0 0 0 0 0 
5 153035 95281 235020 48761 26958 68794 4.796947 1.399161 13.094378 0 0 50514 59661 70677 0 0 0 0 0 0 0 0 0 0 0 0 0 0 0 
6 209768 91972 318135 51282 26170 95196 6.877750 1.664682 18.252401 0 0 25695 109985 9477 172978 0 0 0 0 0 0 0 0 0 0 0 0 0 0 
7 320305 165791 461056 37910 22172 64242 3.143944 1.869703 5.694124 0 0 38377 90821 21908 124750 43025 0 0 0 0 0 0 0 0 0 0 0 0 0 
8 281113 121227 458273 65733 27645 107574 7.549428 3.633907 13.776723 0 0 23508 29623 9614 7588 38511 12381 0 0 0 0 0 0 0 0 0 0 0 0 
9 546973 353989 936635 30953 14713 42275 6.256743 2.265273 9.740129 0 0 129777 139470 114317 167030 73735 164686 147619 0 0 0 0 0 0 0 0 0 0 0 
10 416622 141777 814401 60573 20241 123200 19.125883 2.635664 32.397034 0 0 17510 93986 49203 90382 7712 95729 47911 13130 0 0 0 0 0 0 0 0 0 0 
11 424588 221020 631650 56861 30204 88550 8.117358 4.932069 12.354590 0 0 11811 12762 19386 58252 49526 28674 14849 26578 32480 0 0 0 0 0 0 0 0 0 
12 478387 162753 776316 62934 26486 135008 20.920845 6.219333 32.612785 0 0 104637 46345 160868 42464 7659 76568 51534 4932 11566 79476 0 0 0 0 0 0 0 0 
13 1215853 754633 1952166 21688 10735 30447 13.164078 5.393210 24.361883 0 0 69382 118225 62569 66272 12519 34927 126653 91930 35218 70994 81798 0 0 0 0 0 0 0 
14 816175 345286 1059737 38205 23359 75315 24.317745 4.277469 37.943298 0 0 111196 15786 172642 59401 60350 80698 4550 6296 45105 131642 153635 55363 0 0 0 0 0 0 
15 937551 469992 1273336 34703 21386 58856 7.542547 2.184667 20.911673 0 0 41734 32693 71423 60038 67902 55283 59930 49974 58427 64884 66323 63776 70324 0 0 0 0 0 
16 748587 619638 832080 40733 35837 48933 4.210839 3.041850 5.542704 0 0 25097 34834 43671 76343 66045 59946 72931 45323 66264 41603 56303 45698 44559 59170 0 0 0 0 
17 704525 517493 1032741 49498 30535 62929 5.035221 3.336802 6.346036 0 0 48209 50244 49146 26586 80667 84064 69302 87759 82109 53077 77760 82582 81414 71103 88713 0 0 0 
18 909027 664849 1141896 39359 29716 52290 4.287880 1.929781 8.391842 0 0 55428 74184 66561 50341 47271 88835 71095 88168 73435 70790 66165 63426 85628 75151 74189 91223 0 0 
19 957263 782994 1257659 39378 28666 46750 3.483721 1.643246 4.715460 0 0 59241 50942 47291 47937 43573 42359 56879 63002 56665 55613 58236 61136 69607 65689 60946 66434 59342 0 
20 931717 628268 1115141 43827 34320 62129 4.738471 3.621596 5.328409 0 0 24305 44420 50417 39668 49796 42468 16608 81762 80836 69892 88496 77231 67226 71079 81792 77506 82964 67002 
