jemalloc
2
20
350
17
4 144168 72469 210686 34013 19407 59319 3.481087 1.407380 8.548797 0 0 123169 87517 0 0 0 0 0 0 0 0 0 0 0 0 0 0 0 0 
5 115532 74379 145883 59535 44434 87528 4.219681 2.110176 6.558337 0 0 48465 12522 60912 0 0 0 0 0 0 0 0 0 0 0 0 0 0 0 
6 161261 140116 178596 53577 48071 61350 4.282492 1.325762 8.328376 0 0 51911 6835 24440 56930 0 0 0 0 0 0 0 0 0 0 0 0 0 0 
7 199093 136243 297784 59297 35763 80139 10.301930 2.674218 16.390635 0 0 38721 8711 83682 17575 50578 0 0 0 0 0 0 0 0 0 0 0 0 0 
8 250609 146001 470799 64901 26276 89696 13.406977 5.664773 24.943079 0 0 80235 9777 13261 37381 90441 8506 0 0 0 0 0 0 0 0 0 0 0 0 
9 107568 43901 185935 185692 82204 351380 5.326282 3.513768 6.577760 0 0 10338 13844 22360 16060 3399 11653 17222 0 0 0 0 0 0 0 0 0 0 0 
10 321508 34400 803822 249218 20628 514023 15.828866 2.403971 35.868553 0 0 6564 3321 2770 2874 2860 6659 6031 3320 0 0 0 0 0 0 0 0 0 0 
11 318267 161832 507025 74165 37483 122151 30.206501 4.037551 61.861279 0 0 96933 8928 5061 143889 2366 79410 83033 2326 85077 0 0 0 0 0 0 0 0 0 
12 230564 55661 606637 230051 34288 395803 11.710438 3.952541 27.928944 0 0 25520 3695 22085 24874 13974 17179 20632 4793 30561 38853 0 0 0 0 0 0 0 0 
13 233005 59297 520551 219164 45022 410129 5.809826 3.645101 9.246838 0 0 11719 5025 7548 5871 7797 3226 5901 5816 8174 3215 7967 0 0 0 0 0 0 0 
14 132209 62896 244945 251334 106032 421007 4.321074 1.727359 6.136238 0 0 4292 4311 7138 7092 4228 4273 4239 7298 4254 4287 4225 7254 0 0 0 0 0 0 
15 347511 38670 820531 255117 33214 741578 3.679967 2.472209 5.515362 0 0 7872 1902 2627 2628 2613 2631 2618 2630 2608 2638 2622 2634 2644 0 0 0 0 0 
16 486775 35270 984705 262914 30178 878974 3.366648 2.607359 5.028517 0 0 4338 4459 1546 1610 4683 1609 1611 1652 1611 1949 1649 1978 4921 1650 0 0 0 0 
17 399306 156592 646877 110858 49832 209621 5.492517 2.424444 11.755586 0 0 2208 5186 5713 14456 25956 21339 23635 19686 21433 19003 19655 20607 24030 24369 22176 0 0 0 
18 494848 65419 832411 177472 41006 539255 16.689522 3.671017 37.579659 0 0 12804 29996 9765 75173 68005 38192 32603 33621 40604 38872 33214 37532 40135 33770 35388 34524 0 0 
19 265148 86971 646804 258211 56463 432450 5.024077 1.778604 9.377177 0 0 26629 15071 70584 14297 64625 49306 35955 36978 41065 35999 37935 35403 37753 37783 30812 35968 40635 0 
20 477720 166470 788755 112960 49141 238897 8.358496 4.102734 10.306370 0 0 3767 7445 14653 15455 13677 13935 8244 7112 9051 6264 7089 6807 7368 10405 5416 10452 8283 11040 
