scalloc
2
20
350
17
4 103852 79508 140486 42957 28700 54070 4.356633 1.109002 13.579737 0 0 56392 84094 0 0 0 0 0 0 0 0 0 0 0 0 0 0 0 0 
5 150687 61120 254166 56528 23692 107341 4.164690 1.391297 9.886424 0 0 39885 124923 89357 0 0 0 0 0 0 0 0 0 0 0 0 0 0 0 
6 181203 26298 319302 114071 26034 334397 2.427916 1.264253 4.373146 0 0 7096 3766 9865 5570 0 0 0 0 0 0 0 0 0 0 0 0 0 0 
7 296659 227786 349227 36793 29719 46741 10.463619 2.076102 25.887209 0 0 79441 6484 167852 69882 19374 0 0 0 0 0 0 0 0 0 0 0 0 0 
8 556913 518549 624331 22312 19422 24236 2.777436 1.668132 4.703171 0 0 114951 178369 71188 158623 63273 37925 0 0 0 0 0 0 0 0 0 0 0 0 
9 439200 204102 848868 45681 16524 74185 4.670279 2.207819 10.570574 0 0 71038 90906 33685 64624 56412 83412 49496 0 0 0 0 0 0 0 0 0 0 0 
10 290015 37165 566633 159727 29544 474666 7.495390 2.496592 21.641968 0 0 5141 6622 5012 3625 3675 6715 3686 2687 0 0 0 0 0 0 0 0 0 0 
11 434509 248510 545706 49178 34848 78597 4.817443 3.549127 6.114651 0 0 59318 24139 65394 16819 21232 74809 15189 79873 46940 0 0 0 0 0 0 0 0 0 
12 453775 351216 576719 48898 36821 61227 26.077820 13.828226 48.670578 0 0 30318 97980 75883 5362 25619 4074 19327 5566 5576 81508 0 0 0 0 0 0 0 0 
13 511741 346308 703497 50829 32753 67867 8.875070 7.254571 11.432600 0 0 29147 74941 130014 94513 53029 17921 20341 88786 101818 70309 22675 0 0 0 0 0 0 0 
14 737894 322163 1210431 46460 20209 80917 16.024210 2.576337 25.917402 0 0 62737 32524 48142 56868 18649 55898 2566 66521 8124 11173 63325 9152 0 0 0 0 0 0 
15 607805 408928 1068405 53137 25514 68849 5.319231 2.341839 9.682915 0 0 9885 49139 36489 33810 36559 39212 40551 35790 33675 33868 34538 33445 38220 0 0 0 0 0 
16 521617 449065 608838 58609 49382 67504 9.166006 2.201493 24.670732 0 0 60690 25945 2460 39505 29435 33913 29370 30377 30834 35280 26936 38823 29233 36260 0 0 0 0 
17 543933 223806 695299 74191 46349 146632 7.335861 3.722875 14.314844 0 0 3271 14284 20564 12105 16986 13159 18033 14367 15696 19410 15730 19270 15711 15223 9995 0 0 0 
18 689986 336915 900745 58844 37963 103989 12.221532 1.630031 26.603708 0 0 48568 47713 50263 77773 50941 52239 67497 51711 54564 51176 59747 57430 58313 52352 61475 54946 0 0 
19 553636 336248 788019 75819 46569 110423 7.941897 3.608976 12.882754 0 0 51562 66797 42623 22154 18508 64320 49974 37026 30801 38128 35128 35946 37975 40250 33952 38658 50159 0 
20 816483 582001 1050194 50201 36454 66976 28.512444 1.796457 58.363846 0 0 82437 55626 71385 80564 60954 81533 61656 51392 46769 48182 49464 49796 49504 45888 46307 46004 57291 65436 
