Hoard
2
20
350
17
4 148576 68072 181578 33868 22879 64115 2.887382 1.656539 4.062043 0 0 37678 135507 0 0 0 0 0 0 0 0 0 0 0 0 0 0 0 0 
5 141040 121723 181437 46367 35019 52582 6.336476 2.292364 14.873909 0 0 29833 66939 29201 0 0 0 0 0 0 0 0 0 0 0 0 0 0 0 
6 147550 25659 231433 122934 36669 340700 7.287955 1.458548 14.928089 0 0 5617 5917 5932 8192 0 0 0 0 0 0 0 0 0 0 0 0 0 0 
7 339434 188645 472995 34681 21691 56228 7.921103 2.312473 20.517624 0 0 59996 138740 96245 106765 71246 0 0 0 0 0 0 0 0 0 0 0 0 0 
8 174874 112311 251920 80615 51553 116440 9.479064 3.329690 16.487650 0 0 14970 13871 29694 93496 13346 6407 0 0 0 0 0 0 0 0 0 0 0 0 
9 470398 309774 653367 34154 22020 48123 6.619962 4.831009 10.020108 0 0 47595 93514 40129 11044 9332 85404 22753 0 0 0 0 0 0 0 0 0 0 0 
10 278830 186352 401248 66813 42928 93575 29.361605 4.025004 70.114403 0 0 17667 36570 35272 1395 58280 1398 97856 37646 0 0 0 0 0 0 0 0 0 0 
11 344816 48661 614577 138172 30858 408453 6.100513 2.733006 12.297460 0 0 5380 32114 66160 21532 29546 15591 57901 37424 15559 0 0 0 0 0 0 0 0 0 
12 317946 242191 387003 70032 54986 89171 16.328886 7.219968 31.792227 0 0 34488 53151 50521 28001 13261 32802 16621 95744 20798 41612 0 0 0 0 0 0 0 0 
13 341587 149606 476072 85071 49537 161895 15.924307 13.112847 19.045919 0 0 7798 45137 11721 4228 6620 3644 8570 3348 7947 3122 47467 0 0 0 0 0 0 0 
14 442087 215157 586424 67649 43622 121040 8.684276 3.477299 17.012236 0 0 65969 52193 26481 40711 35570 58225 44763 50653 57274 18971 21667 36832 0 0 0 0 0 0 
15 182373 83973 266270 187350 106297 341306 5.297089 3.516721 7.639722 0 0 3269 11497 5788 7185 7225 4662 6585 6132 7450 6734 4266 6735 6442 0 0 0 0 0 
16 385579 55170 518232 185839 58419 559573 5.236712 2.488997 10.239495 0 0 44826 14585 9341 36312 36598 32706 42115 35874 35721 41703 44549 37873 38481 38863 0 0 0 0 
17 357818 116853 611147 138143 53118 282310 9.558803 4.553419 14.164284 0 0 27690 13505 50192 11023 41715 36324 35130 32832 35605 30886 41682 30090 29774 33504 34191 0 0 0 
18 222639 41289 377152 312721 92568 857151 19.248684 2.928814 32.407326 0 0 30906 2002 6259 35687 1178 25851 30267 25223 27220 23775 29884 25200 24253 31230 32875 25338 0 0 
19 371345 215943 468062 109192 79144 172621 14.346289 3.573172 33.897308 0 0 19757 9562 15634 25164 24059 34166 30444 27696 23720 21779 25988 23333 22887 21240 21687 20916 21698 0 
20 439818 346865 529519 91597 73880 113912 7.065274 4.194824 9.884335 0 0 30000 44469 41297 26653 27705 32166 10601 25112 29295 30895 28877 27869 28965 34574 28019 27075 24294 31648 
