ptmalloc
2
20
350
17
4 59304 44748 77098 76261 56047 97491 2.390099 1.475011 3.282033 0 0 16712 28036 0 0 0 0 0 0 0 0 0 0 0 0 0 0 0 0 
5 49084 37039 76038 144202 85566 176607 2.302803 1.429857 3.590578 0 0 9541 11763 15735 0 0 0 0 0 0 0 0 0 0 0 0 0 0 0 
6 41026 33411 48705 216255 177407 260193 2.676817 1.655637 3.506043 0 0 12079 7063 5049 14358 0 0 0 0 0 0 0 0 0 0 0 0 0 0 
7 37222 27165 49362 311447 219429 401980 47.457645 6.972227 123.000000 0 0 10572 10684 1932 13472 6134 0 0 0 0 0 0 0 0 0 0 0 0 0 
8 25735 20878 31043 524864 426032 631702 14.989664 4.605432 26.788597 0 0 1644 4278 1603 4614 1558 7178 0 0 0 0 0 0 0 0 0 0 0 0 
9 15123 7250 23216 1235078 661876 2126777 13.518824 5.691088 28.026114 0 0 470 549 334 4493 356 709 337 0 0 0 0 0 0 0 0 0 0 0 
10 16060 8737 23478 1244372 746650 2019897 10.375374 3.541935 21.145569 0 0 1591 1719 189 264 932 1708 2227 105 0 0 0 0 0 0 0 0 0 0 
11 11811 8193 14322 1755608 1385848 2422041 7.803377 3.979061 10.947580 0 0 621 602 617 2052 604 586 1856 936 3685 0 0 0 0 0 0 0 0 0 
12 13173 10766 16092 1724345 1371276 2050823 11.234938 3.874720 21.989012 0 0 1819 151 431 449 3335 3269 437 473 371 358 0 0 0 0 0 0 0 0 
13 8595 4292 11151 3245945 2173909 5664107 17.632380 1.122283 53.355556 0 0 1517 403 451 1766 401 453 1871 395 661 360 445 0 0 0 0 0 0 0 
14 8512 5790 10434 3260510 2535428 4567090 10.097614 4.535759 26.618090 0 0 743 439 859 1913 905 767 435 649 413 484 676 716 0 0 0 0 0 0 
15 5202 2239 6535 6686354 4386974 12819945 9.001745 1.202869 24.497631 0 0 346 348 348 349 353 352 1763 349 348 347 379 347 347 0 0 0 0 0 
16 6513 3739 11892 5754374 2606660 8282963 8.400614 1.407161 12.811636 0 0 1452 155 156 189 187 169 191 186 165 185 196 159 158 188 0 0 0 0 
17 7229 1580 15520 8772512 2138439 20948188 7.493545 1.251497 16.773188 0 0 284 282 278 343 288 288 287 288 287 287 288 287 287 348 288 0 0 0 
18 7121 1014 12997 15623618 2723401 34955328 10.247753 1.173410 17.050190 0 0 64 57 60 58 58 67 66 64 67 66 67 62 67 60 67 60 0 0 
19 6531 2793 11029 7285689 3406320 13468760 10.233459 1.225977 19.915556 0 0 1570 3244 245 240 238 238 2801 250 245 249 241 249 244 240 248 240 241 0 
20 7274 3003 11383 7044219 3490634 13279469 21.941563 1.102041 52.275864 0 0 58 59 3032 84 61 81 1303 86 88 87 86 87 84 85 84 86 84 151 
