SuperMalloc
2
20
350
17
4 86391 76276 108421 50414 38948 56534 2.428858 1.281514 4.906471 0 0 36347 48214 0 0 0 0 0 0 0 0 0 0 0 0 0 0 0 0 
5 191818 42709 337511 59616 17788 154528 3.144289 1.740989 5.093299 0 0 22219 14205 6284 0 0 0 0 0 0 0 0 0 0 0 0 0 0 0 
6 304196 145842 431045 32977 18639 59246 5.030526 3.045320 6.403901 0 0 45094 137325 108387 90107 0 0 0 0 0 0 0 0 0 0 0 0 0 0 
7 296385 74823 554916 60271 18078 147444 5.788469 1.254211 15.660188 0 0 83521 5333 52452 80426 44999 0 0 0 0 0 0 0 0 0 0 0 0 0 
8 271586 48123 378775 96695 33805 274255 8.378580 1.761300 13.696002 0 0 79098 53147 24134 41349 12588 158618 0 0 0 0 0 0 0 0 0 0 0 0 
9 345117 218071 613032 50752 23684 70210 8.377757 2.991712 14.413341 0 0 39928 6570 33776 69718 8730 27168 76906 0 0 0 0 0 0 0 0 0 0 0 
10 572355 201365 968227 42979 16713 86582 5.537267 3.254197 7.840121 0 0 30291 22404 26924 8540 34777 6083 33908 38436 0 0 0 0 0 0 0 0 0 0 
11 509847 367780 796227 40739 23246 52651 14.760018 6.136507 24.055685 0 0 96085 91896 15438 31389 22841 68010 15687 119536 7125 0 0 0 0 0 0 0 0 0 
12 691811 410590 1104347 35000 18304 52509 8.382845 2.150923 21.520411 0 0 76448 121763 130874 149368 120121 97966 116142 40150 134369 117142 0 0 0 0 0 0 0 0 
13 444593 108952 669785 87904 34426 221855 4.534874 2.585809 5.640426 0 0 26628 26874 59263 65770 40482 33476 25883 60110 12014 44265 32380 0 0 0 0 0 0 0 
14 767640 214789 1176843 51536 21135 122646 20.423754 4.603034 49.724590 0 0 91245 114986 102206 148446 93331 94866 113073 32249 79803 64612 139791 102229 0 0 0 0 0 0 
15 910970 705288 1178136 31313 23201 39348 2.509476 1.641429 4.446317 0 0 75781 95744 60102 62691 64167 63890 59433 60158 65605 65512 57591 70593 64125 0 0 0 0 0 
16 531425 328489 751685 62378 39877 93139 6.955538 3.179924 14.196184 0 0 4577 46380 47047 56718 54593 57675 59076 58193 56902 64980 58483 63469 61655 61931 0 0 0 0 
17 726046 496889 824659 46462 38937 65500 8.696295 2.299069 12.599019 0 0 56667 6874 41883 69049 60245 56529 49128 63519 56135 56740 52116 61144 55574 55742 58221 0 0 0 
18 630519 354790 750755 60567 45810 98544 8.529508 3.574774 17.936346 0 0 49254 33806 19160 27721 19948 25801 56723 52415 59638 51725 58399 50178 68492 60577 56787 60127 0 0 
19 1002628 637183 1376419 39806 26178 57750 7.663684 1.876135 12.110136 0 0 46386 59807 57251 37341 26493 5310 39287 40762 33492 32835 33563 33657 40259 36713 32722 36511 44790 0 
20 919838 146995 1673712 105777 22288 269551 8.539379 3.136792 11.400253 0 0 17551 10181 3425 35049 29436 3430 39049 23875 21643 20972 22059 17801 22846 19163 20543 22905 18573 24193 
