tcmalloc
2
20
350
17
4 108064 41832 200378 53357 19406 105063 3.366893 1.150961 7.001020 0 0 92264 108114 0 0 0 0 0 0 0 0 0 0 0 0 0 0 0 0 
5 208091 71684 361766 46032 16733 90819 3.918315 1.227411 6.921349 0 0 25343 23857 69055 0 0 0 0 0 0 0 0 0 0 0 0 0 0 0 
6 215859 129405 366102 46365 22225 63807 26.267248 3.118234 92.344170 0 0 31062 35792 59166 12193 0 0 0 0 0 0 0 0 0 0 0 0 0 0 
7 142266 14531 321326 255613 32941 759413 8.021723 1.585004 12.959767 0 0 89915 71853 53845 98140 7572 0 0 0 0 0 0 0 0 0 0 0 0 0 
8 223733 198285 278503 58907 46731 65621 39.501842 6.929955 103.237640 0 0 48144 1388 47300 143362 12678 25628 0 0 0 0 0 0 0 0 0 0 0 0 
9 339964 170788 620767 55462 23247 89081 12.162300 4.031178 20.547523 0 0 75210 51784 31851 49193 3779 5356 14411 0 0 0 0 0 0 0 0 0 0 0 
10 292401 259521 337917 58987 49602 66435 8.614346 1.964120 12.529745 0 0 42080 26289 28025 46566 44706 23708 44254 39695 0 0 0 0 0 0 0 0 0 0 
11 623597 230187 817114 39780 22215 85042 7.812546 1.805489 11.718429 0 0 56680 153236 142480 16058 88772 65916 81882 66440 145648 0 0 0 0 0 0 0 0 0 
12 433171 257979 742707 57023 27775 83270 8.210657 3.547006 16.302975 0 0 8476 30741 11504 45110 36387 17754 34614 32710 2767 37914 0 0 0 0 0 0 0 0 
13 530574 369638 715830 46417 32432 63439 15.661201 8.138264 29.685316 0 0 16119 52779 42983 71899 30248 5321 10139 19786 38063 52535 29762 0 0 0 0 0 0 0 
14 936761 384384 2049370 40032 11924 66961 13.886335 3.212591 35.719566 0 0 164853 157386 237099 140491 184610 230884 243694 75856 109344 163651 205084 136414 0 0 0 0 0 0 
15 2262300 1780699 2598246 11774 9820 14977 2.653846 2.469369 2.914215 0 0 183737 138661 258472 172523 252991 189749 95824 178950 171000 250558 186428 187051 219671 0 0 0 0 0 
16 2187642 1704540 2538355 13348 10949 17055 2.576932 2.205572 3.308304 0 0 161611 78067 87179 178623 194724 145300 64489 81692 118646 212131 178700 142241 213350 182385 0 0 0 0 
17 2495289 1852007 3037219 12573 9755 16700 2.423266 2.214749 2.633108 0 0 209892 143100 114981 226946 268807 191585 175731 189799 112544 249190 219933 148587 213416 185914 159614 0 0 0 
18 2537525 2150108 2913781 12945 10845 15282 2.915165 2.477943 3.301876 0 0 145617 84249 199427 116525 192205 115909 61166 94175 140987 103001 138967 116625 201963 158219 119311 161757 0 0 
19 1665434 1444844 2184639 21935 15644 24974 3.054725 2.427728 3.574738 0 0 148095 69702 158411 120776 212711 105919 146927 71284 111084 169876 117270 88088 180250 125319 94412 170312 94197 0 
20 2678885 2355918 3159264 13752 11204 15723 2.465398 2.020170 2.925513 0 0 103289 102542 140662 97828 151137 65204 146686 130208 163373 127783 116428 146248 129384 156240 134827 174374 157248 112454 
