Custom_Allocator
4
24
400
21
4 137861 20808 232784 55164 12732 163262 2.740408 1.152695 6.027137 0 0 131037 54863 0 0 0 0 0 0 0 0 0 0 0 0 0 0 0 0 0 0 0 0 
5 111582 72194 189658 51249 25199 69024 3.039314 1.047902 5.012997 0 0 32240 14700 27611 0 0 0 0 0 0 0 0 0 0 0 0 0 0 0 0 0 0 0 
6 165912 94418 231011 44954 27717 70934 6.782599 3.398432 9.243741 0 0 19106 24760 37551 120380 0 0 0 0 0 0 0 0 0 0 0 0 0 0 0 0 0 0 
7 191938 37521 314494 83242 25730 226825 6.834352 1.552837 13.018613 0 0 65825 73300 111628 50976 12763 0 0 0 0 0 0 0 0 0 0 0 0 0 0 0 0 0 
8 218936 58284 356510 73757 26121 175064 6.303665 2.470123 14.884850 0 0 7651 5905 8267 6118 87900 45997 0 0 0 0 0 0 0 0 0 0 0 0 0 0 0 0 
9 350165 77177 607912 58676 17681 152986 17.198635 1.837940 31.429216 0 0 143349 28182 167098 163744 58310 41910 5316 0 0 0 0 0 0 0 0 0 0 0 0 0 0 0 
10 521193 68911 1207792 69003 9372 197400 3.654131 2.109081 5.521749 0 0 233829 60027 244808 72383 197448 88235 159996 151063 0 0 0 0 0 0 0 0 0 0 0 0 0 0 
11 490512 283764 804416 33916 17164 52327 6.121263 2.533165 12.675868 0 0 8046 18541 14252 51478 35354 13419 43669 49022 49978 0 0 0 0 0 0 0 0 0 0 0 0 0 
12 632602 447630 767705 26288 20222 36180 9.674307 5.325246 20.072483 0 0 120332 6925 116029 139015 29641 50440 47002 87452 54850 68421 0 0 0 0 0 0 0 0 0 0 0 0 
13 429092 90715 933186 85378 18322 205495 7.683496 2.069393 12.825917 0 0 44572 13808 114011 52012 69296 95167 162384 65962 107578 75961 132432 0 0 0 0 0 0 0 0 0 0 0 
14 489346 303685 628578 43001 30019 66105 4.791718 3.966427 5.365523 0 0 88981 22518 39278 38235 50123 44760 44779 17499 23246 26730 52922 85247 0 0 0 0 0 0 0 0 0 0 
15 427534 378956 497082 50496 42451 56411 13.344689 2.612082 28.844524 0 0 3713 11748 6724 7320 9537 71866 71728 44826 49584 91029 107109 5048 16846 0 0 0 0 0 0 0 0 0 
16 600083 301782 878969 44896 25471 77268 5.045410 3.736894 8.026383 0 0 30959 56494 66492 51587 78849 41171 17703 56428 75153 82000 54708 28464 50752 24835 0 0 0 0 0 0 0 0 
17 673562 551083 773302 36810 31159 44868 11.613409 5.251143 21.747044 0 0 25878 37518 29538 44261 53845 106022 46159 57349 73378 31052 65626 69686 20190 67966 44829 0 0 0 0 0 0 0 
18 534645 338969 738017 56294 35688 78802 6.892401 2.219095 11.900058 0 0 28430 18210 49152 53830 49429 47671 51747 48005 55234 52048 40446 33817 46918 48397 57871 56809 0 0 0 0 0 0 
19 640711 579564 703881 44228 39807 48700 3.083878 2.300472 3.974731 0 0 12861 36053 26790 44472 49878 42757 42468 42860 51121 43248 40433 41536 45548 44754 45390 45688 48019 0 0 0 0 0 
20 826608 812403 838305 35788 35341 36531 2.466797 1.804047 3.408742 0 0 28274 29504 18707 37471 50840 45576 59772 51237 57044 49048 45015 47775 44407 39181 63767 56085 51374 51759 0 0 0 0 
21 840141 511319 1116140 40824 28158 62155 3.235260 2.366877 3.910479 0 0 46372 19449 30147 25841 32920 65230 69445 70707 65883 66295 68851 70917 66809 67087 73548 71508 67752 68357 69016 0 0 0 
22 1250368 954553 1439780 27082 22928 34978 3.231617 2.573089 4.471800 0 0 20664 18664 34340 39579 39195 44972 80348 81022 78514 78860 81060 81562 79126 79511 81726 82201 79871 80404 82894 83464 0 0 
23 1230391 1056175 1505464 28919 22892 33183 4.182823 3.033655 4.808577 0 0 15347 13446 23923 34354 32406 38738 29208 61542 60947 62554 63131 62368 61772 63487 63628 63058 62704 64234 64659 63490 62804 0 
24 1249573 1124196 1589082 29792 22764 32685 3.741559 2.830389 5.194775 0 0 41792 32391 60294 41490 34372 38910 47656 51034 85765 86222 88602 89075 86840 87209 89517 89807 87713 87637 91681 90105 90247 90717 
