Hoard
4
24
400
21
4 116133 48340 173280 35057 17808 68770 5.495684 1.027772 15.864752 0 0 66157 67995 0 0 0 0 0 0 0 0 0 0 0 0 0 0 0 0 0 0 0 0 
5 89279 61036 123718 59250 40034 83365 4.329075 1.202614 10.973134 0 0 72020 45135 6563 0 0 0 0 0 0 0 0 0 0 0 0 0 0 0 0 0 0 0 
6 116523 67480 163058 63864 40387 99322 5.390964 1.677107 10.203138 0 0 21927 26079 54513 60539 0 0 0 0 0 0 0 0 0 0 0 0 0 0 0 0 0 0 
7 85710 35154 137052 126778 60965 241632 7.797693 2.784113 16.257338 0 0 52245 44051 3213 19206 18335 0 0 0 0 0 0 0 0 0 0 0 0 0 0 0 0 0 
8 150915 71198 264017 85875 36928 142810 5.430293 3.734747 6.752370 0 0 79946 61198 21406 48747 24548 28171 0 0 0 0 0 0 0 0 0 0 0 0 0 0 0 0 
9 258050 89586 381653 60880 29521 131879 15.481817 2.708874 48.749302 0 0 48270 41164 27737 18372 38480 35712 49768 0 0 0 0 0 0 0 0 0 0 0 0 0 0 0 
10 174848 66783 218240 97932 60787 202290 6.535149 3.443642 9.318818 0 0 19165 27614 39045 66463 15933 8038 17992 23987 0 0 0 0 0 0 0 0 0 0 0 0 0 0 
11 139300 30106 185037 191610 80717 508953 14.350813 2.766018 25.440729 0 0 7469 32236 38233 8941 4951 4277 32825 25195 30908 0 0 0 0 0 0 0 0 0 0 0 0 0 
12 206094 155215 272198 84350 60837 109038 5.510481 4.327134 7.382577 0 0 5900 33278 6972 6124 43559 34313 8134 37922 15841 6335 0 0 0 0 0 0 0 0 0 0 0 0 
13 272291 160430 413531 75199 43304 114970 8.631734 6.448244 13.070608 0 0 32340 23031 21688 6746 16358 20074 13112 43502 37895 26359 29559 0 0 0 0 0 0 0 0 0 0 0 
14 159072 71473 250094 156094 80222 286804 21.691572 5.154487 38.044163 0 0 6919 68340 14842 17413 8861 8377 23951 28775 5493 28111 1796 37213 0 0 0 0 0 0 0 0 0 0 
15 188851 146265 282600 123903 76812 150661 8.795029 5.168107 11.851077 0 0 5343 5175 8541 44007 24707 5917 7390 26712 5747 3713 19625 6272 4946 0 0 0 0 0 0 0 0 0 
16 192898 132634 225057 127818 104872 178523 4.041319 3.661961 4.500399 0 0 7468 12264 10243 17708 9112 8471 6815 10392 7413 6255 4774 8580 12846 10289 0 0 0 0 0 0 0 0 
17 123014 55849 181749 249426 138554 459077 9.379792 4.552337 14.527239 0 0 4052 1396 2534 4399 7016 1618 2762 1561 4578 7107 938 4063 912 938 11969 0 0 0 0 0 0 0 
18 294297 156352 430354 116131 62167 172430 4.387282 1.504012 7.400028 0 0 27682 22144 33305 22531 22956 27758 26375 25543 25096 27646 33304 28393 22367 24457 31138 28221 0 0 0 0 0 0 
19 472095 336955 573334 62974 49352 84504 2.962244 2.450798 3.503983 0 0 36145 18645 60596 30626 56651 47744 30699 26999 19364 35991 25483 30381 39172 28205 18842 27984 39803 0 0 0 0 0 
20 429788 319832 554757 74027 54008 95074 2.316000 1.895153 2.867352 0 0 25526 19442 18932 29609 23416 26204 32065 34532 26224 24041 34427 18489 20656 32072 28162 34894 27194 36672 0 0 0 0 
21 691234 346564 1334512 58371 23525 92385 1.454681 1.000413 1.670738 0 0 70244 70236 70244 70244 70234 70237 70239 70247 70235 70229 70242 70237 70242 70227 70236 70241 70234 70240 70218 0 0 0 
22 1295732 1254219 1339801 25582 24699 26457 1.005472 1.001979 1.009695 0 0 66998 66998 67002 67000 66997 66994 66999 67000 66870 66993 66995 66998 66999 66992 66992 66996 66992 66992 66996 66992 0 0 
23 1013486 905056 1164577 34950 30130 38771 1.130418 1.085192 1.199484 0 0 43544 42715 43646 42350 43651 43650 41944 43646 43537 43648 43644 41576 43649 43648 43646 42354 43647 43646 43649 39611 43649 0 
24 950240 900221 983756 38749 37515 40871 1.203971 1.150772 1.252077 0 0 42408 43017 39151 44965 41556 44435 42910 44652 44962 43423 43244 44961 44873 41697 37446 44965 44961 44962 41610 44948 44961 44842 
