jemalloc
4
24
400
21
4 118866 62727 234943 35271 12388 52589 1.511728 1.023494 2.163137 0 0 143663 91280 0 0 0 0 0 0 0 0 0 0 0 0 0 0 0 0 0 0 0 0 
5 107243 82803 145873 48526 33012 60617 9.146204 2.771803 17.530752 0 0 6636 44616 59509 0 0 0 0 0 0 0 0 0 0 0 0 0 0 0 0 0 0 0 
6 128009 87099 232526 60780 27906 76041 2.115210 1.575987 2.888811 0 0 23814 30146 19128 25235 0 0 0 0 0 0 0 0 0 0 0 0 0 0 0 0 0 0 
7 137922 89668 209692 68588 39384 93989 7.556682 3.236570 14.018148 0 0 2718 9044 17686 38106 26449 0 0 0 0 0 0 0 0 0 0 0 0 0 0 0 0 0 
8 94716 51299 147113 134228 68333 197934 9.021769 3.001279 24.921722 0 0 15853 7577 4939 9761 6500 8603 0 0 0 0 0 0 0 0 0 0 0 0 0 0 0 0 
9 108745 34847 187238 156631 62199 342101 7.786511 1.865057 12.712675 0 0 26575 16045 18049 3654 13241 14326 8396 0 0 0 0 0 0 0 0 0 0 0 0 0 0 0 
10 108291 33300 280259 229044 47315 410299 6.411835 2.238714 12.987597 0 0 11662 10243 51467 21186 34788 58439 45403 47069 0 0 0 0 0 0 0 0 0 0 0 0 0 0 
11 327710 238337 459802 48160 32312 61740 12.779464 2.911151 25.249405 0 0 23522 51594 32545 26874 17723 21246 28769 18261 17802 0 0 0 0 0 0 0 0 0 0 0 0 0 
12 225238 73551 324075 104921 51240 229864 8.029548 4.983148 11.144765 0 0 7568 34737 6232 24341 8547 47361 46774 15725 68108 45340 0 0 0 0 0 0 0 0 0 0 0 0 
13 280292 91035 472443 116139 37881 205877 6.161349 2.465227 9.469134 0 0 41051 41386 47096 39006 8682 55424 10906 41693 64260 40719 82217 0 0 0 0 0 0 0 0 0 0 0 
14 132005 34882 258548 254250 77576 587814 9.376495 2.164871 14.277994 0 0 23646 42723 3582 5034 50038 3550 4843 33511 27272 4418 29633 30296 0 0 0 0 0 0 0 0 0 0 
15 147811 37817 247906 240415 87775 586102 15.305091 3.327206 22.197979 0 0 1657 2531 26362 12527 16622 19494 13415 23120 8279 9829 12039 2847 1684 0 0 0 0 0 0 0 0 0 
16 246649 89752 553775 147556 40731 264940 5.993835 4.310829 7.434025 0 0 2988 15312 18358 3593 12490 5592 17517 16142 5887 4742 7514 6253 6221 18284 0 0 0 0 0 0 0 0 
17 198737 95753 472748 192502 52391 266635 6.951488 4.756684 9.515836 0 0 2228 4736 10973 7293 2200 8342 8565 13345 7933 4618 4762 10906 12465 11340 6905 0 0 0 0 0 0 0 
18 208915 133606 323179 142909 82741 202819 11.018615 6.118970 15.981510 0 0 14436 34602 12785 8961 9897 24594 5423 31680 20789 23739 38911 3080 14551 31531 19679 28516 0 0 0 0 0 0 
19 371182 190251 675291 97215 41742 149849 10.627187 2.719492 17.417469 0 0 43456 46172 49558 48163 63944 27185 35465 29422 23513 37804 45891 60600 29560 25956 28286 37406 42905 0 0 0 0 0 
20 527763 377432 815847 61808 35611 80165 5.701417 3.686715 7.948097 0 0 29657 3731 21568 20073 21147 19361 27750 22230 23796 26043 19884 20132 21253 18170 20342 19431 21481 21377 0 0 0 0 
21 158665 45629 287165 330764 111771 709757 7.569773 2.026746 19.637951 0 0 10357 7902 4644 2683 4894 3377 1753 4785 4907 5628 5122 4447 1929 4833 7825 1933 5725 4866 5777 0 0 0 
22 274916 34875 520631 324524 64799 977131 4.598919 1.768473 10.605917 0 0 1095 1082 1110 1105 1905 1895 1908 1896 1912 1903 1910 1903 1906 1901 1907 1908 1914 1891 1906 1911 0 0 
23 142454 34975 201867 408784 176968 1024962 4.839558 1.443885 9.411301 0 0 2895 2897 4169 6199 6109 11224 11266 11170 11177 11236 11240 11209 11186 11253 11257 11204 11198 11252 11259 11234 11226 0 
24 195157 152074 253166 201709 147542 246821 5.456234 3.646836 8.506528 0 0 2542 4738 7272 8343 8819 5655 11635 11592 11580 11627 11620 11592 11599 11631 11625 11595 11597 11618 11613 11595 11594 11611 
