ptmalloc
4
24
400
21
4 42229 33339 55801 82521 59974 100137 1.491808 1.251567 1.640347 0 0 24783 31018 0 0 0 0 0 0 0 0 0 0 0 0 0 0 0 0 0 0 0 0 
5 60501 48780 76457 86203 65429 102972 1.691724 1.415846 2.237350 0 0 20699 28501 17343 0 0 0 0 0 0 0 0 0 0 0 0 0 0 0 0 0 0 0 
6 64708 50473 77757 106230 86101 132998 3.038036 1.612713 5.392870 0 0 18776 18751 33937 6293 0 0 0 0 0 0 0 0 0 0 0 0 0 0 0 0 0 0 
7 53090 49500 59525 159537 142107 169723 4.571357 2.563883 7.423413 0 0 9960 22734 4874 6405 15550 0 0 0 0 0 0 0 0 0 0 0 0 0 0 0 0 0 
8 46335 32638 61519 230777 164052 311717 6.818792 3.181597 14.241042 0 0 17000 12931 6835 13495 5343 5914 0 0 0 0 0 0 0 0 0 0 0 0 0 0 0 0 
9 35877 29650 45592 339543 260005 400916 7.914717 5.341719 11.509652 0 0 1141 3096 6566 2290 5911 5983 4660 0 0 0 0 0 0 0 0 0 0 0 0 0 0 0 
10 19180 9511 33075 861749 411271 1436380 7.662582 3.995064 16.387812 0 0 5642 1048 1099 1739 1206 1594 1070 3322 0 0 0 0 0 0 0 0 0 0 0 0 0 0 
11 21641 12450 29664 794777 515632 1232034 15.053261 9.761268 20.872786 0 0 934 818 3798 948 306 4320 207 791 325 0 0 0 0 0 0 0 0 0 0 0 0 0 
12 22528 12431 38940 914509 435931 1374471 14.460260 6.623139 22.227818 0 0 710 1155 2292 2764 2573 667 3263 492 782 524 0 0 0 0 0 0 0 0 0 0 0 0 
13 15446 11027 24366 1336524 769381 1706392 19.085232 5.751069 44.444717 0 0 4700 362 427 396 902 427 398 360 400 398 5593 0 0 0 0 0 0 0 0 0 0 0 
14 13432 4879 24251 2387615 842932 4189615 21.130550 5.992296 36.465240 0 0 116 71 127 2273 62 126 121 1423 177 126 126 128 0 0 0 0 0 0 0 0 0 0 
15 8787 3864 13572 3194263 1638278 5751231 4.769366 2.102041 7.257576 0 0 882 1122 382 372 1168 264 1907 274 308 1916 309 1122 1131 0 0 0 0 0 0 0 0 0 
16 8819 4006 14673 3537533 1631790 5962517 10.722101 2.244337 27.866667 0 0 725 197 189 190 170 3744 2608 198 188 1053 277 4737 182 212 0 0 0 0 0 0 0 0 
17 12064 1609 20163 5315588 1269619 15887489 10.261712 1.968468 16.990454 0 0 104 106 89 111 84 133 113 105 93 145 142 74 86 97 122 0 0 0 0 0 0 0 
18 26474 13409 43262 1229720 629984 2039621 11.426054 1.617765 28.023064 0 0 946 1851 942 1184 3147 1453 948 1036 981 1003 945 5676 3883 1194 1268 981 0 0 0 0 0 0 
19 5565 3442 7318 5656458 3963807 8455536 7.391120 1.154657 15.363636 0 0 1049 1915 127 178 129 133 170 171 170 124 124 128 134 180 129 172 128 0 0 0 0 0 
20 5351 2972 7519 6492361 4075430 10352509 17.343557 1.087234 53.811111 0 0 1938 994 989 160 161 163 163 157 157 157 159 157 163 164 154 156 157 155 0 0 0 0 
21 10633 1392 20302 8326087 1592378 23386544 4.377165 1.134622 11.663551 0 0 979 977 965 980 1095 1095 1094 1094 1094 1093 1092 1091 1092 1091 1093 1092 1093 1093 1093 0 0 0 
22 6686 2058 15177 8307141 2245863 16544785 1.145891 1.041335 1.417391 0 0 213 209 216 217 217 217 218 217 218 218 217 217 217 217 218 217 217 216 216 216 0 0 
23 3268 2590 4398 11381432 8151873 13793176 1.493329 1.103365 2.124424 0 0 138 190 159 217 200 219 219 219 219 218 219 218 218 218 218 217 218 217 218 217 218 0 
24 4482 1883 7604 10816907 4926022 19979216 1.554028 1.111111 2.294574 0 0 147 148 150 149 154 154 153 162 162 161 162 162 162 162 162 162 163 162 163 162 161 159 
