scalloc
4
24
400
21
4 90234 22688 148120 59438 21241 149383 2.121468 1.414322 2.655085 0 0 73677 32549 0 0 0 0 0 0 0 0 0 0 0 0 0 0 0 0 0 0 0 0 
5 209096 66754 303706 32668 15171 73790 2.622886 2.239576 3.100811 0 0 23686 13294 29773 0 0 0 0 0 0 0 0 0 0 0 0 0 0 0 0 0 0 0 
6 165900 53468 283783 66274 22333 125824 3.337974 1.082336 8.334096 0 0 7938 15324 14515 15690 0 0 0 0 0 0 0 0 0 0 0 0 0 0 0 0 0 0 
7 269553 120300 607810 43592 12192 68850 5.711365 2.389660 9.755013 0 0 169923 93212 114005 165756 64912 0 0 0 0 0 0 0 0 0 0 0 0 0 0 0 0 0 
8 391237 236170 617199 28708 14847 41574 10.575978 3.287539 28.697987 0 0 150318 73832 45723 99001 146643 101680 0 0 0 0 0 0 0 0 0 0 0 0 0 0 0 0 
9 489143 206207 766747 29169 13887 56328 11.477281 1.718967 31.923609 0 0 136311 87699 142924 83145 135954 88830 91883 0 0 0 0 0 0 0 0 0 0 0 0 0 0 0 
10 302445 106652 498939 60215 25731 126839 8.630891 3.191056 14.245803 0 0 16403 19497 11813 5250 17583 2208 12120 21777 0 0 0 0 0 0 0 0 0 0 0 0 0 0 
11 300492 128425 543525 67125 26391 117840 6.061002 2.651817 13.338948 0 0 40108 41729 38520 69912 15612 41782 41309 38816 20941 0 0 0 0 0 0 0 0 0 0 0 0 0 
12 608576 118707 1038899 51678 14607 142302 16.210138 2.679348 35.946587 0 0 35931 20832 1864 7773 10971 3900 10077 6008 9958 11390 0 0 0 0 0 0 0 0 0 0 0 0 
13 440768 330995 568129 42987 31371 54950 3.770145 1.971013 6.315299 0 0 38342 20767 40933 38577 24818 36050 26230 39201 22052 38186 32786 0 0 0 0 0 0 0 0 0 0 0 
14 549210 208917 821434 49504 23229 95090 39.317608 7.127838 106.610420 0 0 5909 11051 93309 24958 6674 26551 75421 5799 8456 23435 25094 46785 0 0 0 0 0 0 0 0 0 0 
15 457925 79609 932289 113908 21934 276470 17.945448 2.525112 58.886005 0 0 46029 27237 60282 102732 116392 105334 111637 41217 27280 39179 88175 109588 57203 0 0 0 0 0 0 0 0 0 
16 487051 305993 679258 51997 33861 76404 20.003340 11.214460 34.165520 0 0 125911 53535 13051 3685 99654 22104 49030 4447 45164 54122 44117 39566 58937 65930 0 0 0 0 0 0 0 0 
17 769151 594679 945831 32461 25336 41125 10.902458 5.722350 19.962559 0 0 59159 38195 60707 63980 42776 38555 50903 8515 50684 42335 37565 36072 3205 7035 54990 0 0 0 0 0 0 0 
18 585875 382200 1141764 55424 22130 69591 27.393068 16.345604 34.342194 0 0 4228 77676 37056 40878 96104 50080 74370 128913 89971 68497 43562 108748 105742 109651 54486 51798 0 0 0 0 0 0 
19 460076 180151 711412 86027 38640 159853 18.469414 4.795645 48.176048 0 0 3718 132082 2741 25038 22994 41569 23305 27378 34435 29226 3266 111777 56000 71672 44282 42665 39258 0 0 0 0 0 
20 1397504 1090986 1576300 21024 18182 26435 2.842536 1.800819 5.164389 0 0 85126 54170 85030 52790 80837 92976 87934 112578 56921 101052 86861 81788 93934 50619 59254 86290 79624 104436 0 0 0 0 
21 1139132 976866 1228217 27353 24926 31746 2.439600 1.902546 3.134885 0 0 56722 66320 72805 40064 44065 49247 47190 88899 102823 42068 59495 59349 53421 73921 74488 38229 57558 64904 64234 0 0 0 
22 1848653 1092602 3058520 20670 10399 29912 2.354705 1.256178 3.610374 0 0 131240 158190 157847 160423 127712 157193 155366 160420 140881 158875 160418 160429 139949 160416 159006 160417 142917 157630 148770 160417 0 0 
23 3611107 3283833 3814011 9126 8585 10092 1.520118 1.428630 1.629381 0 0 183346 183191 176624 218657 200823 180327 138335 146613 184491 151991 168499 200529 219219 180688 145055 194588 200423 151153 134541 167362 201003 0 
24 2261273 2186744 2320457 15674 15241 16215 1.800802 1.508918 1.959796 0 0 89818 88785 116436 122053 82330 110745 111660 97412 93322 87610 86934 91100 89507 80888 115515 107857 91552 101746 108068 106038 105200 102163 
