SuperMalloc
4
24
400
21
4 116331 84800 165455 28870 19217 36853 1.508260 1.061372 2.610218 0 0 85190 80264 0 0 0 0 0 0 0 0 0 0 0 0 0 0 0 0 0 0 0 0 
5 190861 134271 226022 26184 20656 36196 2.270137 1.239976 4.918853 0 0 48028 38733 47510 0 0 0 0 0 0 0 0 0 0 0 0 0 0 0 0 0 0 0 
6 157632 87592 306296 53332 20319 77010 4.900703 1.644885 10.123806 0 0 26837 37920 32409 44144 0 0 0 0 0 0 0 0 0 0 0 0 0 0 0 0 0 0 
7 113910 25310 217685 161355 36914 336681 9.321742 3.277383 20.770544 0 0 66388 12029 4537 87956 4234 0 0 0 0 0 0 0 0 0 0 0 0 0 0 0 0 0 
8 329927 195594 530596 33350 17475 50244 7.375967 3.319868 12.346695 0 0 92094 43901 7459 56190 81931 8456 0 0 0 0 0 0 0 0 0 0 0 0 0 0 0 0 
9 283619 81450 483936 63053 22780 145815 5.855973 2.907506 10.029060 0 0 42407 34486 67993 60364 23385 45640 60634 0 0 0 0 0 0 0 0 0 0 0 0 0 0 0 
10 273048 227521 335316 49226 38583 58790 6.160600 4.557444 7.259955 0 0 44822 16991 10831 63754 16953 16119 52469 48574 0 0 0 0 0 0 0 0 0 0 0 0 0 0 
11 357923 168672 620310 51962 22793 89374 6.238531 4.946819 8.798999 0 0 82371 72474 140053 78315 48241 46771 53444 74834 23804 0 0 0 0 0 0 0 0 0 0 0 0 0 
12 454732 391987 570313 36416 27891 42182 10.306994 2.775355 20.006578 0 0 48679 58174 49851 6172 45263 41717 48020 56655 41017 25982 0 0 0 0 0 0 0 0 0 0 0 0 
13 272188 219154 321646 68632 55536 84806 10.444469 4.261653 17.626038 0 0 28662 5162 1887 33260 20543 17867 19817 28596 25146 18240 19971 0 0 0 0 0 0 0 0 0 0 0 
14 375456 111565 488767 77331 40072 182235 12.667989 6.661607 26.490046 0 0 13243 21041 26477 55246 16742 38327 43213 47292 79640 14905 88219 44418 0 0 0 0 0 0 0 0 0 0 
15 531561 137343 805872 64493 25676 160184 10.956978 3.333607 22.209507 0 0 37103 50846 27784 78602 62385 37359 27588 27418 46174 82425 60007 24725 68619 0 0 0 0 0 0 0 0 0 
16 388727 140883 665606 81760 34243 168913 8.504835 6.541740 10.530003 0 0 23732 8913 32121 26331 38644 30375 35952 30766 39337 31666 31522 25390 6013 34686 0 0 0 0 0 0 0 0 
17 580963 83628 1128495 103882 20669 304512 9.140331 2.076099 16.202444 0 0 35325 85466 63891 30350 35773 37523 64203 25426 32571 28383 70941 9950 36071 36284 35173 0 0 0 0 0 0 0 
18 612963 524639 749526 43712 34676 50579 13.117136 5.748855 24.104340 0 0 36776 46675 30138 29033 66761 63732 21095 72601 40389 9689 16631 83529 95510 21420 47686 67855 0 0 0 0 0 0 
19 360644 157862 511821 95707 54730 181088 24.978935 18.576839 38.837791 0 0 2925 2065 1362 2988 3061 52275 1350 28317 4105 2068 3074 2068 2084 1346 26176 3018 19574 0 0 0 0 0 
20 727817 450407 1072941 46051 27140 66197 16.068621 4.783785 37.093212 0 0 5786 45619 45527 40602 14872 15627 16846 14332 13072 17720 43349 41009 41428 12179 16879 11231 41266 13058 0 0 0 0 
21 974209 305470 1419412 46489 21452 104330 6.080252 3.223347 11.107553 0 0 48733 58514 74438 29802 81702 68405 83935 44670 87212 85850 80249 63423 67601 91122 81276 80574 96064 66804 67552 0 0 0 
22 1496881 1324015 1682683 21724 19018 24599 2.809632 1.980791 4.473718 0 0 77484 53210 94271 54617 98278 72232 56187 45110 63157 87775 91436 76330 76566 57444 90495 52873 100915 73410 55721 89789 0 0 
23 4599154 2596750 5496638 7797 5811 12886 1.130616 1.026353 1.411436 0 0 245571 243569 249102 240289 248743 248401 248341 248665 249687 249104 248894 248994 245757 248635 249167 248981 249815 249492 248480 249215 249945 0 
24 4926533 4528387 5172328 6912 6531 7565 1.134515 1.096209 1.212927 0 0 228120 222763 217523 225735 227987 228187 214838 231546 232743 232292 224743 232709 232912 232253 192025 232624 232757 231616 221655 232610 232827 232681 
