tcmalloc
4
24
400
21
4 83367 9436 178362 146726 18096 361571 1.773542 1.008229 2.900829 0 0 83150 95212 0 0 0 0 0 0 0 0 0 0 0 0 0 0 0 0 0 0 0 0 
5 103499 35869 145385 64976 33424 140687 5.092494 1.332379 12.332601 0 0 6972 52425 85987 0 0 0 0 0 0 0 0 0 0 0 0 0 0 0 0 0 0 0 
6 147771 47588 213308 62849 30673 140692 5.707540 1.592629 14.278845 0 0 39248 24376 23601 92164 0 0 0 0 0 0 0 0 0 0 0 0 0 0 0 0 0 0 
7 225196 76200 299809 49484 25748 110514 6.493172 2.734398 12.010237 0 0 2833 34025 5880 20161 13300 0 0 0 0 0 0 0 0 0 0 0 0 0 0 0 0 0 
8 184777 91545 352612 70306 27094 110820 8.106165 2.919398 14.727944 0 0 5265 22358 53932 30325 40071 28870 0 0 0 0 0 0 0 0 0 0 0 0 0 0 0 0 
9 260206 166312 410014 49243 27280 70181 9.029377 3.576411 17.492533 0 0 23103 76131 44219 25524 7115 32336 20386 0 0 0 0 0 0 0 0 0 0 0 0 0 0 0 
10 311695 148744 542301 55365 22902 89293 11.138261 3.854600 30.910036 0 0 10735 15749 35082 34991 21144 34769 17322 9101 0 0 0 0 0 0 0 0 0 0 0 0 0 0 
11 214889 76027 449546 106567 31913 199672 12.892189 5.917488 27.436264 0 0 9770 6107 3584 34739 4693 4607 11027 46705 1702 0 0 0 0 0 0 0 0 0 0 0 0 0 
12 372658 111033 619763 66787 25703 152063 23.008993 7.640564 35.921268 0 0 18788 19677 5815 3815 12009 5870 17998 18614 2575 5870 0 0 0 0 0 0 0 0 0 0 0 0 
13 266880 79380 380392 100882 47618 233668 6.328941 4.130550 8.668412 0 0 30943 8342 26965 56197 44395 24734 46563 26315 32141 40817 42978 0 0 0 0 0 0 0 0 0 0 0 
14 339878 179937 616785 72263 31617 110541 13.230718 2.729312 25.826380 0 0 4749 15197 14969 20729 16954 22671 18106 18663 29243 60456 68795 40065 0 0 0 0 0 0 0 0 0 0 
15 341897 215326 502833 70411 42207 100601 21.439018 10.337809 32.585434 0 0 8094 8794 43990 10477 10127 10285 3175 30167 10359 7231 36036 1350 35237 0 0 0 0 0 0 0 0 0 
16 290225 101191 619291 129775 36600 234230 7.845933 4.593696 10.724486 0 0 10340 20823 15643 14680 20398 23186 36556 32743 17256 34693 3746 38883 23779 10523 0 0 0 0 0 0 0 0 
17 377709 219234 546658 73315 44687 115128 31.236931 8.604266 82.856438 0 0 19903 6322 8001 5147 17688 5824 19296 55624 7868 3808 4543 20000 30622 6323 8259 0 0 0 0 0 0 0 
18 394747 166691 635787 85518 41467 162570 19.438429 9.466611 33.189140 0 0 23712 7218 58193 9665 49275 8107 49831 8388 10574 6466 11967 3347 23435 25245 47182 8746 0 0 0 0 0 0 
19 481346 134163 682696 89322 40781 214844 24.579844 8.402132 55.227146 0 0 31360 31676 29738 52940 57277 44670 26091 22370 32006 28393 53213 10288 6817 47100 52385 28879 37052 0 0 0 0 0 
20 668932 224599 1125777 67232 25336 135369 10.069911 2.021634 18.779867 0 0 13724 80400 71444 75707 55251 40263 77743 62928 37284 84031 65797 15536 37802 42039 30107 37760 66351 41382 0 0 0 0 
21 617145 448825 786263 52871 39629 69977 17.661911 11.591421 25.689156 0 0 69236 6106 12354 17156 17756 14220 78013 45022 28236 25952 57848 12350 60740 13914 11656 57235 55791 64893 3691 0 0 0 
22 406005 313417 666933 91365 48939 107402 23.329742 11.676462 37.705231 0 0 1561 4105 8492 5010 7237 5478 2219 58618 46269 43088 58883 2956 3281 27330 5662 4911 5416 4484 23587 3805 0 0 
23 1043107 448625 2213082 48332 14802 79410 6.844162 1.915634 13.541579 0 0 16523 9551 23133 21555 23120 21554 21545 22492 22471 23179 21548 22513 21552 23165 21553 23188 21542 21553 22215 21546 23121 0 
24 559281 84468 961270 157218 38316 443578 4.595740 1.612765 7.506696 0 0 2724 6162 4316 18550 18561 18488 18550 18548 18561 18534 18543 18556 18560 18544 18558 18548 18555 18548 18537 18547 18553 18515 
