Custom_Allocator
2
20
0
17
4 4894875 4845983 4938698 1069 1052 1089 1.004913 1.000964 1.006576 1214654 1207837 1215262 1208229 0 0 0 0 0 0 0 0 0 0 0 0 0 0 0 0 
5 5734187 5713823 5752569 1211 1205 1220 1.037336 1.033791 1.039635 1160901 1120131 1161611 1119891 1164278 0 0 0 0 0 0 0 0 0 0 0 0 0 0 0 
6 6455004 6405352 6494884 1350 1338 1367 1.003139 1.002057 1.004062 1068246 1065308 1068854 1065313 1069635 1067995 0 0 0 0 0 0 0 0 0 0 0 0 0 0 
7 7084038 6972141 7187447 1495 1465 1531 1.032077 1.029364 1.035082 1009843 978913 1009583 979122 1008948 978896 1006834 0 0 0 0 0 0 0 0 0 0 0 0 0 
8 7753817 7617314 7811917 1603 1588 1643 1.004006 1.002645 1.005060 974563 974704 975134 977131 976954 977049 977323 979056 0 0 0 0 0 0 0 0 0 0 0 0 
9 5094980 4195678 7137733 3259 2094 3873 1.665299 1.094880 2.010021 330764 291680 360819 317611 584705 568632 585925 569255 586283 0 0 0 0 0 0 0 0 0 0 0 
10 4685771 4402261 5071543 3859 3526 4125 1.929006 1.914588 1.943198 344303 321755 303425 355530 332696 588860 578336 588625 579279 589615 0 0 0 0 0 0 0 0 0 0 
11 4294583 3707281 4630117 4804 4351 5584 2.127634 1.807561 2.679791 222142 206380 232002 172185 300972 294485 461091 448451 461421 449438 458709 0 0 0 0 0 0 0 0 0 
12 3741499 3624311 3856296 6142 5913 6353 2.909585 2.395230 3.227875 155199 170116 189034 175959 190851 280053 239662 448639 440014 449256 438337 447187 0 0 0 0 0 0 0 0 
13 3647457 3434558 3819404 6913 6519 7427 2.899953 2.745854 3.258553 165073 176066 164831 174245 139972 204550 261001 245712 384342 375963 383494 375324 383980 0 0 0 0 0 0 0 
14 3507556 3219628 3844402 7826 7021 8531 2.823256 2.604319 3.072710 190630 149447 136444 128521 185905 186665 119449 213306 180823 348764 342267 347457 342427 347519 0 0 0 0 0 0 
15 3504976 3307688 3591961 8431 8209 8909 3.168082 2.689471 3.739772 138325 156152 158283 140358 142472 152061 171089 172232 230246 249028 372022 362921 371825 362955 371586 0 0 0 0 0 
16 3598656 3387838 3945866 8784 7901 9444 3.263600 2.887189 3.666551 143097 126627 142681 127102 159916 117496 165517 140864 166898 219025 195224 374285 370035 374099 369867 373950 0 0 0 0 
17 3544579 3344254 3659036 9497 9069 10044 3.008929 2.430458 3.306352 114307 128913 122693 138551 160124 166396 173141 119635 159685 172328 217312 225766 354717 347721 355045 347584 355111 0 0 0 
18 3429758 3172243 3689720 10554 9723 11415 3.523562 3.086044 3.956592 112088 106803 116772 101191 162643 96010 76390 164295 129328 131675 129046 181143 183544 298336 292767 298481 292869 298857 0 0 
19 3473358 3211286 3705006 10991 10144 11930 3.415252 3.043988 3.712995 115134 84237 113667 121961 116649 131850 111635 150252 129308 125790 118272 136613 162253 154101 311836 305527 312276 306004 312774 0 
20 3361023 3194533 3753188 12080 10610 12712 3.642287 3.378025 4.203166 140887 112969 122813 106300 134454 98679 87553 82775 123389 117193 121111 108360 128669 153863 161434 279215 277711 279616 278019 279519 
