Hoard
2
20
0
17
4 1668962 1565700 1807021 3683 3228 4107 1.556477 1.206334 2.253341 255152 502690 360069 574946 0 0 0 0 0 0 0 0 0 0 0 0 0 0 0 0 
5 1640245 1444155 1790343 5048 4415 5919 1.383166 1.259411 1.663603 280391 244506 316430 288800 314025 0 0 0 0 0 0 0 0 0 0 0 0 0 0 0 
6 1696377 1602303 1772525 6091 5574 6690 1.625898 1.503134 1.709403 204196 349053 279616 271381 324444 343834 0 0 0 0 0 0 0 0 0 0 0 0 0 0 
7 1657686 1486648 2019998 7767 6012 8730 1.874819 1.395258 2.946051 165658 241754 227638 192398 204746 226393 228336 0 0 0 0 0 0 0 0 0 0 0 0 0 
8 1759657 1658602 1878815 8474 7924 9026 1.905044 1.647784 2.447201 245740 200413 250789 173006 252969 198350 298139 259406 0 0 0 0 0 0 0 0 0 0 0 0 
9 2278238 1929942 2692994 7520 6191 8910 1.712709 1.193794 2.089559 201758 181436 209639 231399 327878 261909 310477 314570 284018 0 0 0 0 0 0 0 0 0 0 0 
10 2141221 2047350 2303727 9021 8190 9526 2.040588 1.641264 2.647228 146061 181864 148942 158011 113370 300118 255602 293131 210546 239702 0 0 0 0 0 0 0 0 0 0 
11 3197321 2202473 4562951 7230 4402 9667 2.141533 1.943847 2.310066 215138 213777 204855 216280 267689 277621 473012 460556 473228 457891 460083 0 0 0 0 0 0 0 0 0 
12 3482075 3278680 3678331 6675 6230 7143 2.781652 2.553142 2.985864 168013 155754 160105 168135 216754 230842 239018 391268 388670 394410 368044 397662 0 0 0 0 0 0 0 0 
13 3520716 2998490 3893148 7221 6413 8585 3.122617 2.615968 4.027658 126344 164505 156090 159706 90762 144551 180803 213427 365558 341805 341079 357097 356760 0 0 0 0 0 0 0 
14 3770571 3616606 3974371 7156 6725 7428 2.908432 2.740982 3.345258 173561 158397 147885 165206 156822 167813 151858 246011 264094 405352 393666 402676 378324 404936 0 0 0 0 0 0 
15 3267540 2914902 3473841 9149 8520 10287 3.119946 2.813278 3.261266 125152 138926 121556 141175 137462 109977 110258 164999 204805 227361 356316 334797 357561 353420 358619 0 0 0 0 0 
16 3329992 3204425 3449648 9509 9090 9942 2.944407 2.748653 3.112031 161881 165570 142013 159576 121318 155891 128096 149253 125172 226672 180324 354521 341753 342160 341657 353785 0 0 0 0 
17 3134083 2793958 3407242 10941 9895 12323 3.183705 2.923335 3.516209 120833 87079 116616 106765 123456 127944 103565 99240 107708 89121 132378 181034 285254 248089 288352 288949 287569 0 0 0 
18 3085761 2959254 3164944 11780 11439 12175 3.231563 2.678339 3.756050 76972 140269 112670 90531 87007 108696 106760 136652 94946 137259 120935 153096 171220 289110 277147 286704 280512 288762 0 0 
19 3249676 3064107 3606820 11846 10441 12633 3.759991 3.050249 4.684116 131516 117779 87205 118381 138617 127319 69852 123958 121217 140162 105788 119517 147385 171029 270762 266942 270161 266641 269868 0 
20 3193755 3099335 3238850 12673 12400 13202 3.443780 3.231652 3.626143 120472 78811 109128 108026 111496 117616 110989 106750 89764 118629 129015 109438 148928 201389 163011 284789 279541 278458 267937 285780 
