jemalloc
2
20
0
17
4 1479623 1357724 1602761 4266 3728 4902 1.285814 1.118835 1.557981 350604 428832 314688 490278 0 0 0 0 0 0 0 0 0 0 0 0 0 0 0 0 
5 1445261 1434703 1459046 6023 5877 6200 1.672714 1.359972 2.053383 210802 258661 268437 267556 432857 0 0 0 0 0 0 0 0 0 0 0 0 0 0 0 
6 1911288 1576617 2115564 5762 5080 6962 1.323582 1.218697 1.527816 385597 367387 332341 374300 291315 364622 0 0 0 0 0 0 0 0 0 0 0 0 0 0 
7 2086845 1945713 2187775 6269 5924 6755 1.344552 1.144209 1.422185 306891 299520 311085 279480 285335 276423 271878 0 0 0 0 0 0 0 0 0 0 0 0 0 
8 3597741 2377720 6230813 4637 2155 6223 1.264580 1.021822 1.450211 765976 782614 777403 782199 778174 782692 779920 781832 0 0 0 0 0 0 0 0 0 0 0 0 
9 6583354 5842959 6839493 2348 2231 2689 1.054159 1.026958 1.128868 605023 616079 630877 620794 682051 661973 682295 660872 682991 0 0 0 0 0 0 0 0 0 0 0 
10 4020189 3903317 4136806 4652 4477 4804 1.788168 1.706408 1.866631 286325 286667 294977 278676 441887 480529 479247 480165 479199 482143 0 0 0 0 0 0 0 0 0 0 
11 3924803 3276096 4273517 5400 4839 6474 1.966409 1.721541 2.517668 175431 158738 178941 190177 260451 336248 399528 388725 399649 390044 398160 0 0 0 0 0 0 0 0 0 
12 3243236 3135002 3412431 7178 6832 7398 2.897617 2.536167 3.293043 124688 156217 134536 165142 177281 191504 343151 368424 366006 369956 367094 370999 0 0 0 0 0 0 0 0 
13 3283414 3158616 3409181 7764 7397 8086 2.829063 2.507939 3.012482 139874 152380 148922 138900 161548 164375 214506 319530 348352 342389 347476 341934 347854 0 0 0 0 0 0 0 
14 2944830 2717300 3151455 9514 8791 10402 2.933742 2.595051 3.434385 115666 123364 132312 110104 137091 119804 127294 160641 266535 285299 283925 285290 284243 285726 0 0 0 0 0 0 
15 3135435 2978464 3448734 9532 8597 10062 3.333404 2.919136 4.026879 107091 95814 107511 122267 118878 131987 152618 123397 200936 293898 311642 307443 313137 308335 313852 0 0 0 0 0 
16 3003203 2924410 3093657 10762 10462 11121 3.213470 2.995122 3.435418 134878 125074 128721 92926 109555 130074 108914 130780 129957 174183 261320 280232 277734 280771 278568 280720 0 0 0 0 
17 3032489 2953224 3228330 11333 10568 11601 3.266021 2.925246 3.502393 119862 92104 119875 104964 106219 82406 111993 102195 117059 127298 183362 277550 285708 280565 286543 281172 286492 0 0 0 
18 2883594 2770197 2948631 12666 12352 13295 3.416863 2.926799 4.225253 119903 127285 82932 82972 75477 77479 111959 93264 144103 137403 152525 166754 261950 262880 262928 262975 262658 263178 0 0 
19 2976605 2785728 3223501 12987 11788 14076 3.427862 3.130915 4.053416 77837 108923 117122 111002 137778 62834 121048 67021 110149 112943 109459 73668 144713 248155 254424 247892 254693 248309 254625 0 
20 2979862 2928967 3036816 13643 13390 13885 3.457049 2.999278 4.152961 88641 100757 76145 113215 98120 95363 104131 95426 84812 95819 127202 121719 100249 134542 251108 251403 250977 251255 250181 251616 
