ptmalloc
2
20
0
17
4 718075 671158 803460 11332 9995 12126 2.085803 1.589442 2.754090 129858 167719 202475 303408 0 0 0 0 0 0 0 0 0 0 0 0 0 0 0 0 
5 572847 505953 631353 18390 16523 20860 4.057631 1.483658 8.606196 119656 111245 118098 80649 102714 0 0 0 0 0 0 0 0 0 0 0 0 0 0 0 
6 437750 407652 456806 29360 27887 31397 2.907761 1.620472 4.095381 76222 96948 81927 38957 85197 67170 0 0 0 0 0 0 0 0 0 0 0 0 0 0 
7 292692 193788 367754 55368 41232 79101 3.481890 1.558053 7.339641 53836 39716 132130 28633 31699 18002 41458 0 0 0 0 0 0 0 0 0 0 0 0 0 
8 272838 205362 347037 68119 50059 85338 6.522408 3.707973 10.024206 21137 68090 23119 14235 56676 57227 21349 71484 0 0 0 0 0 0 0 0 0 0 0 0 
9 157795 98752 287137 148650 68489 199949 6.488043 5.465613 8.036742 5309 13236 12629 4430 24212 10356 13246 18016 9201 0 0 0 0 0 0 0 0 0 0 0 
10 113069 90950 147780 201867 149081 241977 8.848296 3.653468 13.761974 8815 18234 4808 6188 6486 26127 12470 15322 23640 25685 0 0 0 0 0 0 0 0 0 0 
11 110205 75191 183296 246663 132016 323186 10.616779 5.744891 16.502161 4616 5926 7569 7638 13305 16071 26520 24308 25838 25441 26060 0 0 0 0 0 0 0 0 0 
12 223364 192028 267790 119588 98188 137812 9.490455 5.758353 13.089661 4343 6620 5153 3469 13096 10713 17579 31729 31178 31923 30128 31645 0 0 0 0 0 0 0 0 
13 160684 104420 198778 188729 143500 273919 6.628118 5.654088 7.808892 3995 5382 5276 4363 6508 6175 7620 15232 25024 24386 25011 24182 24724 0 0 0 0 0 0 0 
14 116440 81155 161700 284141 190121 380109 7.686668 5.396026 11.244925 1543 2380 2170 5631 2738 1872 5694 9870 10922 17340 16628 17354 16611 17313 0 0 0 0 0 0 
15 103958 74042 134415 332241 245465 446403 8.339870 5.336033 10.473657 2062 1583 2794 2924 1212 3914 1850 1894 4828 4991 9266 9101 9286 8958 9377 0 0 0 0 0 
16 100601 94764 104690 350981 336280 372289 7.394249 6.464407 9.179638 2622 1659 2546 2221 3453 4328 2555 1362 3212 8573 7128 12414 12170 12439 11921 12502 0 0 0 0 
17 70987 38450 108782 614238 344386 976466 8.281148 4.039341 10.856685 1050 931 792 3060 1636 1048 2398 891 1642 1034 4542 2361 7114 6513 7122 6616 7166 0 0 0 
18 61200 50084 77231 670198 514779 792243 5.664745 4.538524 6.660481 1729 2157 1417 1270 1483 2106 1833 2320 3032 1737 3017 2893 3433 7725 7527 7703 7481 7700 0 0 
19 59115 36720 78985 766731 530784 1142179 10.936250 4.558388 14.520207 1219 635 1417 1361 1525 2420 1146 885 3770 851 1444 1754 3016 2257 6896 6390 6946 6464 6943 0 
20 46571 43808 50375 949083 873623 1006804 6.821919 4.544312 8.497477 800 1083 2107 1387 1221 1490 1441 676 1139 594 807 1415 3199 1739 2058 5004 5016 5050 4994 4956 
