scalloc
2
20
0
17
4 1271326 1207628 1342917 5343 4983 5615 1.294738 1.225777 1.434654 325324 355462 286176 293374 0 0 0 0 0 0 0 0 0 0 0 0 0 0 0 0 
5 1450953 1302723 1631613 6010 5020 6892 1.385371 1.272823 1.617395 301611 335968 303948 394724 295361 0 0 0 0 0 0 0 0 0 0 0 0 0 0 0 
6 1383652 1137823 1506568 7971 7109 9914 1.586308 1.274811 1.820924 256439 292287 229415 246235 185901 296289 0 0 0 0 0 0 0 0 0 0 0 0 0 0 
7 1368279 1244622 1507170 9701 8665 10764 1.575089 1.207860 1.831079 300177 180004 197610 163934 177198 175415 235952 0 0 0 0 0 0 0 0 0 0 0 0 0 
8 1405235 1267015 1506340 10929 10095 12072 2.032579 1.573964 2.705430 165295 135947 226699 201282 147439 223309 191017 215350 0 0 0 0 0 0 0 0 0 0 0 0 
9 1641461 1413839 1903939 10868 9135 12463 2.040008 1.830821 2.335486 134814 154066 130231 134768 257118 280753 217637 251873 242117 0 0 0 0 0 0 0 0 0 0 0 
10 1847040 1658084 1963849 10647 9872 11940 1.998538 1.915355 2.144156 112948 148125 139627 124447 126563 222509 201644 186986 190886 204346 0 0 0 0 0 0 0 0 0 0 
11 2613562 1840591 3255140 8616 6458 11993 2.402534 2.050930 2.717708 157146 172390 142134 130996 215462 213239 347562 333107 349340 334584 352117 0 0 0 0 0 0 0 0 0 
12 3217296 3102355 3400332 7252 6813 7522 2.831971 2.652115 3.109659 162641 165252 152879 133849 150482 219539 224533 378542 375289 380807 377159 381379 0 0 0 0 0 0 0 0 
13 3123458 2960970 3194424 8163 7920 8617 2.970271 2.718260 3.272474 107269 165314 146748 117389 146141 126470 221346 213543 348949 333117 350501 333144 351035 0 0 0 0 0 0 0 
14 3016410 2755226 3431518 9313 7942 10213 3.245459 2.802361 4.009692 132584 125863 116609 131623 107122 132159 126819 201806 190479 300196 295295 299825 294831 300010 0 0 0 0 0 0 
15 3022279 2778503 3194742 9961 9424 10817 3.195901 2.625142 3.489597 136676 87602 126726 112777 145377 117065 87630 101283 193812 179452 305115 287056 305487 286741 305698 0 0 0 0 0 
16 2856004 2554497 3051981 11398 10586 12688 3.520095 2.770359 4.057748 147882 64556 114530 67789 120094 150990 73594 128892 72613 140162 165649 261628 261317 261952 261243 261601 0 0 0 0 
17 2942206 2787792 3111813 11687 10930 12350 3.394550 3.336725 3.451331 107601 132090 88098 92109 133429 94415 89627 83300 134889 111363 159093 155655 287226 272375 286985 272034 287497 0 0 0 
18 2934140 2756918 3036430 12388 11916 13203 3.123721 2.771894 3.614942 123318 92913 108322 96748 87500 113844 80175 99340 81313 106810 129310 166267 159784 262750 260549 263493 261258 263218 0 0 
19 2782048 2582931 2933739 13976 13124 15119 3.294520 2.605334 3.998965 76249 86678 81560 98548 110134 103209 78865 95273 101762 92403 82746 85197 139730 138056 246596 235245 247013 236005 247657 0 
20 2760489 2612142 2931007 14933 14128 15760 3.513096 3.229912 3.736836 94475 71836 86077 77141 119745 108867 102189 114701 104044 67698 119789 117459 114107 145905 109189 217281 216301 217148 216722 218659 
