SuperMalloc
2
20
0
17
4 3742345 3609998 3803465 1669 1631 1758 1.008614 1.004902 1.013025 907899 897625 908074 896398 0 0 0 0 0 0 0 0 0 0 0 0 0 0 0 0 
5 4344942 4234376 4475312 1865 1786 1936 1.069255 1.067108 1.070750 868961 814314 868925 814670 867505 0 0 0 0 0 0 0 0 0 0 0 0 0 0 0 
6 4877032 4705067 4979421 2043 1971 2155 1.014629 1.009733 1.018014 833572 829460 832080 828208 830562 825537 0 0 0 0 0 0 0 0 0 0 0 0 0 0 
7 5361190 5218977 5505841 2218 2145 2298 1.045816 1.027920 1.056363 760637 726324 760728 726389 759595 726238 759064 0 0 0 0 0 0 0 0 0 0 0 0 0 
8 5869856 5544980 5999207 2360 2292 2542 1.021794 1.018696 1.025158 756852 741533 757360 742344 757199 742774 757917 743226 0 0 0 0 0 0 0 0 0 0 0 0 
9 3774451 3035360 4900902 4638 3366 5731 1.628675 1.121568 1.879681 309129 279961 309794 304362 487039 462289 486449 461739 486452 0 0 0 0 0 0 0 0 0 0 0 
10 3295001 2868987 3563457 5871 5327 6706 2.084368 1.719238 2.831492 156981 150172 186860 141503 237843 397654 400195 398346 400664 398765 0 0 0 0 0 0 0 0 0 0 
11 2747138 2488374 3138555 7963 6821 8748 2.769718 2.707513 2.876074 119400 143001 154043 148793 157586 172216 324522 310121 325214 311189 322287 0 0 0 0 0 0 0 0 0 
12 2760751 2478448 2967611 8662 7964 9736 2.683733 2.362870 2.834995 126344 139152 136355 142382 127578 130879 189586 297212 298536 298239 296748 295433 0 0 0 0 0 0 0 0 
13 2572485 2410024 2758142 10208 9533 10922 3.024962 2.826754 3.211950 143648 141362 119283 114633 107896 90853 128876 187674 288451 277622 287565 275823 288060 0 0 0 0 0 0 0 
14 2583609 2400862 2942234 11071 9516 11964 3.012213 2.826456 3.184129 116483 125076 97504 98334 98064 101272 116718 103216 172163 274870 275385 273108 275592 273073 0 0 0 0 0 0 
15 2646225 2523536 2831883 11455 10615 12016 3.102654 2.919612 3.478595 100196 98212 136728 104362 97280 99813 115968 105065 125482 178743 296432 283188 296446 283341 295956 0 0 0 0 0 
16 2586391 2503337 2758943 12595 11762 13038 3.210617 2.547762 4.088231 100641 120831 104273 105309 143791 101651 106214 120941 140182 105623 131647 255919 255612 256411 255625 256353 0 0 0 0 
17 2606984 2400630 2775437 13320 12381 14527 3.581596 2.977580 4.812178 103849 76397 136580 75861 136769 126195 111265 73753 73455 85132 125235 133709 233439 221009 233609 220875 233493 0 0 0 
18 2506047 2470290 2554350 14776 14410 15144 3.891133 3.352602 4.748627 76229 99125 65381 92778 118345 97753 87511 94510 120747 114158 102234 129961 129969 239357 240705 239592 240935 239606 0 0 
19 2414915 2266839 2595834 16318 15013 17519 3.254994 2.966513 3.511128 96815 101633 86489 95258 98530 96536 95582 103763 108405 81274 93736 94868 89801 133385 247795 237648 248134 237976 248200 0 
20 2484430 2382488 2646103 16675 15640 17514 4.005997 3.320928 4.639267 50521 88937 89720 114968 71735 103768 53531 78082 93151 104399 56425 122267 109246 81225 124076 215250 215563 215949 216049 215932 
