tcmalloc
2
20
0
17
4 2086038 1926459 2303689 3100 2644 3410 1.170953 1.055054 1.326048 636446 559157 580844 527241 0 0 0 0 0 0 0 0 0 0 0 0 0 0 0 0 
5 3463125 2145966 4760259 2758 1613 3922 1.147364 1.042284 1.350093 946087 919624 958387 924771 958509 0 0 0 0 0 0 0 0 0 0 0 0 0 0 0 
6 5239286 5125670 5331338 1844 1795 1909 1.015343 1.013205 1.016857 871211 867114 878971 868436 879926 867955 0 0 0 0 0 0 0 0 0 0 0 0 0 0 
7 5776914 5541738 6050410 2008 1866 2135 1.039268 1.027179 1.056702 809400 801483 824094 801905 827359 805539 827239 0 0 0 0 0 0 0 0 0 0 0 0 0 
8 6122562 5986556 6199329 2229 2192 2287 1.017070 1.013240 1.019328 760707 774662 766442 775016 768034 774746 767610 774574 0 0 0 0 0 0 0 0 0 0 0 0 
9 4212754 3421961 6093235 4192 2601 4980 1.614762 1.075788 1.835440 287682 281021 269966 277575 464928 455046 465061 455187 465492 0 0 0 0 0 0 0 0 0 0 0 
10 2892238 2721536 3217575 6706 5954 7174 2.816399 2.371016 3.410883 154067 150659 171206 157872 244331 392170 393231 392263 393198 392878 0 0 0 0 0 0 0 0 0 0 
11 2708108 2497222 2934290 8028 7286 8768 2.965750 2.499546 3.296637 138319 184684 148113 143033 117710 238250 387706 383887 388049 384092 386120 0 0 0 0 0 0 0 0 0 
12 2705575 2481945 2843915 8819 8324 9692 3.181607 2.749841 3.458823 101805 120941 139614 135074 129084 142340 226684 352126 342716 351911 340527 350248 0 0 0 0 0 0 0 0 
13 2690862 2610008 2766615 9658 9270 10007 3.115633 2.629861 3.653739 118078 129734 132472 117201 124608 145793 142023 170403 308222 304177 306782 303211 307300 0 0 0 0 0 0 0 
14 2717275 2439483 2966210 10457 9440 11660 3.401901 2.999570 4.289871 105616 92258 151299 100650 110656 114142 112777 133092 151913 276736 269748 275376 270038 275176 0 0 0 0 0 0 
15 2628985 2448469 2802168 11566 10743 12412 3.921521 3.703780 4.259960 102672 97183 143565 73225 95049 103870 96601 121083 114399 157097 272942 261971 272937 262476 273395 0 0 0 0 0 
16 2504320 2374992 2613352 13033 12458 13772 3.849216 3.539495 4.368505 114461 89979 93774 100816 132007 82634 95395 104336 76773 71691 152503 253080 249994 253645 250147 253752 0 0 0 0 
17 2573805 2338228 2780169 13509 12344 14888 3.686081 3.194869 4.250138 62612 86542 76259 117409 66628 76343 95860 112068 100578 65611 98955 163095 245582 239259 245864 239611 245947 0 0 0 
18 2396369 2158665 2617945 15670 14096 17326 4.551027 3.942119 5.380241 65959 106419 99379 63898 47191 121375 99207 69801 70635 64621 92134 107895 129094 230182 224525 230043 224453 230183 0 0 
19 2394216 2267103 2547513 16436 15295 17390 4.609334 3.639855 6.575433 86576 84675 84724 78370 92202 85695 66854 64257 99186 77697 101740 89624 81962 133382 239505 229543 239592 230385 239688 0 
20 2377970 2215954 2488006 17497 16577 18848 3.954984 3.502282 4.421035 74388 73397 94094 70158 63005 73170 82908 83902 83516 68538 70671 85410 55285 101965 115379 225554 225498 225928 225684 225888 
