Custom_Allocator
2
20
350
17
4 424048 271349 570632 15544 9751 22414 6.658153 1.127368 20.078445 0 10729 215428 45192 0 0 0 0 0 0 0 0 0 0 0 0 0 0 0 0 
5 450362 301586 615446 19199 12463 27680 6.172850 2.447685 15.857826 0 46983 237539 14979 59376 0 0 0 0 0 0 0 0 0 0 0 0 0 0 0 
6 620975 484583 916598 17090 10295 20578 3.923991 2.464421 6.335370 0 48131 198607 80368 140050 99752 0 0 0 0 0 0 0 0 0 0 0 0 0 0 
7 720941 678504 820348 16768 14441 18004 3.389901 2.534750 5.578453 0 182897 105246 129249 82127 32786 172207 0 0 0 0 0 0 0 0 0 0 0 0 0 
8 968992 827080 1091944 14154 12188 16814 3.271755 2.967355 4.092473 0 102596 131467 201424 51675 115399 175300 49218 0 0 0 0 0 0 0 0 0 0 0 0 
9 1048476 826451 1355662 15344 10799 19699 3.132381 1.486424 5.736191 0 120750 120315 112155 120872 116874 147094 98958 128502 0 0 0 0 0 0 0 0 0 0 0 
10 1392207 1092649 1788191 12947 9311 16399 2.855447 1.941581 3.887748 0 152681 175688 86422 155446 171699 124733 162132 283954 145010 0 0 0 0 0 0 0 0 0 0 
11 1319175 1212115 1451584 14946 13572 16292 7.555853 2.088064 9.557554 0 102973 75132 109218 112411 158937 36305 127435 346258 52774 90668 0 0 0 0 0 0 0 0 0 
12 1584009 1360523 1750369 13549 11955 15914 7.201488 4.022924 8.954152 0 41216 289474 149805 166285 181464 57631 194442 111391 201304 187656 169696 0 0 0 0 0 0 0 0 
13 1760472 1660714 1903733 13255 12092 14052 4.166507 2.519992 6.667006 0 161439 151094 317404 90521 167455 137372 171314 104490 155857 54930 51109 340744 0 0 0 0 0 0 0 
14 1991999 1748059 2105789 12834 11878 14809 8.322387 1.694666 16.534618 0 206727 209398 168077 188446 154851 145279 146303 148182 135565 190096 139071 137252 123563 0 0 0 0 0 0 
15 2384623 2227812 2477232 11592 11026 12487 3.072631 1.890121 4.727336 0 125628 120179 77639 181406 155967 187153 136011 213343 159170 197575 178478 192779 135890 166590 0 0 0 0 0 
16 2610159 2409777 2687291 11336 10966 12331 3.123132 2.827704 3.532361 0 71457 106018 72368 159124 198825 220204 194733 224452 190949 212998 189897 214338 197178 223842 190509 0 0 0 0 
17 2659673 2645558 2685366 11848 11753 11953 2.593699 2.262798 3.404201 0 93704 141323 112284 150688 138474 193984 163689 183905 168163 205562 165041 201759 175702 212034 160762 182443 0 0 0 
18 2718260 2617880 2800436 12418 11984 12948 2.505529 1.883134 3.181998 0 119084 118467 69564 134764 104695 116781 159691 221354 173635 203368 183133 190110 183635 209179 180432 187469 178152 0 0 
19 2833784 2748067 2884046 12509 12230 12912 2.610813 2.466874 2.796369 0 140370 176376 103045 90966 94385 135301 97523 182546 190565 206404 153834 224403 133983 209601 167668 189270 196994 190808 0 
20 4447840 2926548 5433943 8861 6675 12874 3.755498 3.140060 4.594790 0 166153 104893 87069 174040 158109 169864 155625 180224 259310 346872 303947 346206 305211 348183 308657 345031 309632 348008 306682 
