jemalloc
2
20
350
17
4 436075 231285 619971 15866 9166 27675 2.536396 1.683569 3.917242 0 124518 74979 31787 0 0 0 0 0 0 0 0 0 0 0 0 0 0 0 0 
5 591368 418794 734546 13768 10255 19227 4.563962 2.922954 7.112990 0 264335 177018 63109 88143 0 0 0 0 0 0 0 0 0 0 0 0 0 0 0 
6 712718 493100 936313 14688 9502 20723 5.219127 1.968196 10.825945 0 217297 232501 118129 223072 145314 0 0 0 0 0 0 0 0 0 0 0 0 0 0 
7 841732 684903 988810 14236 11494 17531 3.087887 2.107875 3.981164 0 224905 127093 281873 100947 91588 127384 0 0 0 0 0 0 0 0 0 0 0 0 0 
8 960451 678129 1222539 14946 10906 20817 8.364944 4.667681 12.049718 0 19833 181508 22351 201055 199619 35292 18470 0 0 0 0 0 0 0 0 0 0 0 0 
9 1323581 1108703 1493546 11762 10366 14046 5.801949 2.827694 10.124640 0 79819 91535 257840 216783 215595 265410 143811 26214 0 0 0 0 0 0 0 0 0 0 0 
10 1144248 859624 1288200 15965 13944 20903 14.277575 3.736942 22.327740 0 16632 188389 20909 73912 130885 82814 205616 70817 69647 0 0 0 0 0 0 0 0 0 0 
11 1346625 1104111 1794082 15097 10375 18085 4.812258 3.722738 7.950253 0 164120 130116 55960 72177 48514 59405 139447 172497 79320 182551 0 0 0 0 0 0 0 0 0 
12 1432791 1189190 1691024 15190 12409 18185 9.442079 4.451367 18.258663 0 74462 149846 180933 53297 117600 109922 86255 192184 237246 145825 207609 0 0 0 0 0 0 0 0 
13 1539917 1133081 1822263 15883 12601 21424 7.505027 2.698257 18.400074 0 85578 81737 204327 75484 171740 182779 158944 193857 171903 156159 127547 141806 0 0 0 0 0 0 0 
14 1922009 1329203 2340053 13950 10939 19549 10.386671 3.092804 22.961050 0 181064 217926 70952 188908 168723 180822 180220 219441 161388 197402 205363 180212 187628 0 0 0 0 0 0 
15 2384798 2286865 2579286 11625 10394 12236 5.326101 1.601270 9.745034 0 149875 239990 186872 178142 166180 201305 163580 197112 157457 193086 171293 199257 174344 200789 0 0 0 0 0 
16 2466783 2315925 2717903 12141 10813 12983 4.039876 1.817479 6.170198 0 39659 164773 111502 147047 144248 183369 155290 181977 158158 181097 160132 182344 165464 178882 161978 0 0 0 0 
17 2569574 2493987 2638696 12305 11896 12664 4.976858 2.172326 7.106514 0 167617 89648 100046 147921 147180 108775 162442 192056 158728 194037 159514 181378 162421 186608 159967 194744 0 0 0 
18 2537598 2389258 2654400 13372 12641 14317 6.080481 3.302624 8.346745 0 162992 84783 132651 136591 72913 25430 121508 191937 168878 193640 170631 198067 165089 196823 169112 194635 168553 0 0 
19 2776027 2544870 3002801 12908 11653 14123 3.914724 2.852127 4.754200 0 83128 157663 145590 150721 184268 131577 54329 175070 170823 206856 184979 202539 184622 210262 180492 208486 169178 202212 0 
20 3785381 2716414 5156370 10756 7158 13989 3.492550 2.532404 4.720784 0 70191 142747 90797 165278 156105 155871 149599 172699 168716 331359 301204 328580 300717 327379 301122 328483 302171 329016 300492 
