scalloc
2
20
350
17
4 437796 376496 531834 13823 10837 15943 3.246662 2.179818 4.880998 0 100785 219693 211356 0 0 0 0 0 0 0 0 0 0 0 0 0 0 0 0 
5 571273 441930 657715 14085 11743 18261 3.413139 1.984892 4.592514 0 91719 182052 130545 157344 0 0 0 0 0 0 0 0 0 0 0 0 0 0 0 
6 745756 537610 915643 13584 10341 18482 11.310393 1.818724 34.035641 0 34115 268654 7893 209446 17501 0 0 0 0 0 0 0 0 0 0 0 0 0 0 
7 883949 764926 1020255 13457 11181 15715 4.949122 2.455240 11.044276 0 212612 121944 64304 105276 176243 200956 0 0 0 0 0 0 0 0 0 0 0 0 0 
8 954551 764937 1094024 14654 12507 18248 3.127004 1.905565 3.712670 0 128903 112924 124503 183477 134779 169561 96285 0 0 0 0 0 0 0 0 0 0 0 0 
9 1341758 1212679 1477397 11432 10306 12967 3.780048 2.079273 6.528488 0 210292 178077 291534 80261 179161 234716 80580 44655 0 0 0 0 0 0 0 0 0 0 0 
10 985010 786762 1264048 19311 14013 23372 7.051520 2.433029 14.969631 0 94148 163323 52455 83888 147722 147166 10910 67226 28284 0 0 0 0 0 0 0 0 0 0 
11 1433239 1202430 1588492 13703 12110 16307 4.056932 1.558961 7.863599 0 49626 154188 61143 187758 199566 113613 74627 74712 149934 137259 0 0 0 0 0 0 0 0 0 
12 1535961 1228627 1861205 14287 11483 17393 4.809085 3.394829 7.071017 0 53064 108488 264389 140585 58677 214599 62319 253593 151274 181167 61323 0 0 0 0 0 0 0 0 
13 1411179 1130809 1705101 17368 13695 21620 10.433332 5.362272 19.195211 0 135435 124288 23299 202778 100689 108552 127913 166433 67085 85357 112834 210766 0 0 0 0 0 0 0 
14 2026622 1953245 2097171 12618 12222 12909 3.002711 1.755648 4.492620 0 156734 140977 104913 183770 155491 184190 175059 166793 164969 175807 149135 166864 172465 0 0 0 0 0 0 
15 2152881 2020013 2266457 13097 12387 13850 7.434402 2.096206 13.604060 0 168094 95663 105221 118095 165355 197702 158592 187946 146732 200529 153282 190239 169019 194293 0 0 0 0 0 
16 2159434 2021937 2258455 13947 13261 14896 2.522594 2.182896 3.358124 0 146400 94663 107230 212948 91388 165531 147343 179419 160739 171394 141892 170086 135682 169365 164370 0 0 0 0 
17 2323772 2152327 2496505 13840 12665 15032 3.671097 2.447871 4.796514 0 185575 62202 239660 213829 114478 107504 131958 165339 158576 148177 144334 179408 141184 179662 142795 181820 0 0 0 
18 2447565 2268884 2531296 13932 13222 15256 4.190174 2.361635 8.426355 0 148746 167666 196363 195634 141082 135741 58151 154695 153641 157082 129627 155547 149375 152242 143483 154020 138198 0 0 
19 2501403 2314104 2764865 14569 13014 15828 4.587190 1.960493 8.209122 0 139187 201959 210284 155787 119034 73206 142987 218632 159083 156710 129637 157990 141286 137124 148375 173300 142251 158025 0 
20 3097201 2554430 3622460 12692 10620 14998 4.893121 2.750165 6.794575 0 100495 93567 116895 128347 127675 120278 128769 119569 130355 257324 253928 256681 254931 256571 254771 256449 254892 256424 254532 
