tcmalloc
2
20
350
17
4 454780 370907 532426 12835 10389 16007 1.877811 1.087408 2.598611 0 121576 200842 210008 0 0 0 0 0 0 0 0 0 0 0 0 0 0 0 0 
5 721668 622687 822581 10593 9202 12094 2.413074 1.451067 3.177331 0 209121 160907 125428 327125 0 0 0 0 0 0 0 0 0 0 0 0 0 0 0 
6 903842 813583 979917 10470 9510 11786 2.402927 1.899131 2.704852 0 147004 130604 300582 276031 125694 0 0 0 0 0 0 0 0 0 0 0 0 0 0 
7 813010 657105 906889 14671 12773 17999 3.619596 1.981589 5.629401 0 196179 158899 81798 34849 144687 40693 0 0 0 0 0 0 0 0 0 0 0 0 0 
8 1023790 685561 1303123 14198 10002 20782 3.601318 2.496440 5.884709 0 120274 113345 177295 256367 139972 282960 212907 0 0 0 0 0 0 0 0 0 0 0 0 
9 1281686 1066376 1517409 12383 10008 14853 3.631044 2.334801 5.968981 0 183082 96520 57900 143196 168365 157309 112362 345608 0 0 0 0 0 0 0 0 0 0 0 
10 1299440 871601 1482482 14323 11746 21047 6.901991 3.293937 11.514576 0 137086 213294 311373 123949 133716 218534 27041 172702 144784 0 0 0 0 0 0 0 0 0 0 
11 1397695 1207413 1650766 14137 11468 16431 11.830567 2.254330 25.493179 0 126069 138785 211530 75588 61309 182157 59804 14239 176625 161303 0 0 0 0 0 0 0 0 0 
12 1644918 1553475 1742355 12840 12274 13491 3.810718 2.783731 5.541124 0 110100 131846 170425 194046 146829 127028 81202 243179 183651 118766 146804 0 0 0 0 0 0 0 0 
13 1795430 1709700 1835781 12888 12519 13628 3.634439 2.506347 5.095923 0 147042 126700 128366 120291 149994 227425 131704 216833 99008 221701 59978 80653 0 0 0 0 0 0 0 
14 2773496 1394414 4525150 10920 5078 18674 3.578809 1.998397 5.312030 0 355934 385523 265956 399725 299172 484017 385003 242202 338108 404561 321028 389313 254605 0 0 0 0 0 0 
15 4542905 4442906 4614868 5485 5416 5617 2.203331 1.480535 2.991884 0 285990 268971 347387 327345 260482 324728 353651 323605 355924 345236 286930 345487 368363 248804 0 0 0 0 0 
16 4542232 4352858 4728644 5988 5734 6236 2.391621 1.801440 3.714893 0 270748 277967 312633 265327 286018 257153 374853 193287 357048 334830 286032 359045 302282 356855 252053 0 0 0 0 
17 5076894 4908499 5185487 5638 5515 5825 2.354038 2.031421 2.841194 0 258177 284500 366066 327515 282596 453380 342355 315280 347167 311618 267925 338186 343579 275526 223184 423365 0 0 0 
18 5058786 4855540 5247323 6080 5904 6303 3.042910 1.967650 4.171990 0 173214 344089 330636 390683 348890 443597 337716 116269 353431 280836 343849 315824 244972 316322 299337 285737 321915 0 0 
19 4740159 4206665 5685577 7102 5664 7988 3.230362 2.113848 5.773411 0 336164 366148 294479 353584 334788 328779 345912 426724 313664 250435 318486 305851 201870 287464 250380 307058 279719 384067 0 
20 8576721 6028511 16058533 4677 1830 5652 1.868351 1.136900 2.301373 0 855955 779999 809240 878852 835113 876405 821415 886780 811497 859134 837566 866517 843121 873359 836971 852200 843885 860266 830251 
