Custom_Allocator
2
20
350
17
4 432520 273267 575112 14909 10151 22207 2.575920 1.255656 4.821496 0 148443 71948 52875 0 0 0 0 0 0 0 0 0 0 0 0 0 0 0 0 
5 512106 290786 663149 17687 11685 29216 3.647843 1.931038 5.151154 0 119644 257800 80575 160346 0 0 0 0 0 0 0 0 0 0 0 0 0 0 0 
6 692327 524907 924649 15094 10320 19648 4.538344 2.812426 6.956163 0 165590 122471 32948 173307 137955 0 0 0 0 0 0 0 0 0 0 0 0 0 0 
7 973797 745183 1261791 12735 8996 16123 4.422900 2.606876 6.058501 0 99622 257837 87824 237154 42558 115500 0 0 0 0 0 0 0 0 0 0 0 0 0 
8 1121214 886311 1488015 12771 9059 15880 4.059385 3.154347 4.874328 0 146365 277623 77493 231201 65983 226278 126138 0 0 0 0 0 0 0 0 0 0 0 0 
9 1012005 784180 1224607 16367 12769 20941 10.688309 4.897046 23.073618 0 82235 121559 113314 46193 65216 33518 290670 31473 0 0 0 0 0 0 0 0 0 0 0 
10 1217574 993492 1353351 14985 13169 18486 8.881575 5.930672 12.769081 0 129929 171087 34250 336884 53424 341956 26780 66131 68706 0 0 0 0 0 0 0 0 0 0 
11 1503299 900232 1918033 14487 10016 23004 6.124122 3.052478 10.973284 0 208898 148449 159571 102643 185864 281669 218601 271361 49904 291071 0 0 0 0 0 0 0 0 0 
12 1444303 892561 1819221 16715 11917 25941 6.890490 4.218942 11.158552 0 176085 110805 15780 23354 160494 51539 28053 97838 35143 129888 63578 0 0 0 0 0 0 0 0 
13 1951549 1847668 2069430 12381 11626 13163 3.067385 2.298253 4.063922 0 84318 105674 62346 187387 154945 160121 193367 164754 188788 175891 176347 193725 0 0 0 0 0 0 0 
14 2020400 1962462 2108765 13096 12554 13560 2.423119 2.034589 3.281690 0 110237 92601 110003 157200 174040 188405 178072 165345 165251 169830 182099 185170 153860 0 0 0 0 0 0 
15 2361431 2294862 2490292 12024 11303 12441 2.711193 2.047343 3.392615 0 130741 135569 135017 109474 100775 195609 172638 206322 172240 201986 155134 179277 198141 201935 0 0 0 0 0 
16 2304088 2061765 2522304 13285 11969 14820 2.494956 1.781731 3.446178 0 98200 125792 104402 122564 99717 111558 158247 145854 165730 174966 145839 164506 162621 133013 148752 0 0 0 0 
17 2490886 2251865 2731312 13114 11868 14465 2.506819 2.067575 3.354744 0 122556 102761 138112 101484 108104 80414 143702 178188 158776 158661 165418 145885 173895 164042 159284 150578 0 0 0 
18 3337234 2547579 3771206 10490 8993 13496 3.496558 2.021092 4.836945 0 102954 99843 61895 175472 141685 160864 138791 146105 299084 289826 299384 284186 297266 282205 295377 277121 289658 0 0 
19 4110651 3832815 4337166 8776 8247 9442 5.259134 4.159935 7.570832 0 73181 109232 77061 98123 190245 170747 163993 209762 166902 360493 311679 350571 307538 349651 312158 349147 312589 350933 0 
20 4305081 3979605 4534939 8844 8359 9614 3.821872 2.860744 5.896816 0 111278 129656 128629 160325 103694 197953 171144 217596 172982 202104 308747 348658 311161 350400 308593 350755 307365 350709 303183 
