Hoard
2
20
350
17
4 430360 333555 580798 14465 9745 18301 2.870039 1.131666 6.384075 0 121495 214784 244519 0 0 0 0 0 0 0 0 0 0 0 0 0 0 0 0 
5 571818 490974 767380 13917 9356 16124 2.856889 2.333505 3.612055 0 92396 80847 121407 211899 0 0 0 0 0 0 0 0 0 0 0 0 0 0 0 
6 647944 473839 876857 16085 10537 21364 3.941893 2.471739 8.180917 0 74855 84165 193588 192821 171918 0 0 0 0 0 0 0 0 0 0 0 0 0 0 
7 843933 542707 1031643 14816 11215 22228 2.939432 2.413754 4.066428 0 123344 108215 164040 177624 122034 261204 0 0 0 0 0 0 0 0 0 0 0 0 0 
8 878311 691626 1057844 16158 12897 20497 7.907983 2.253376 11.510509 0 227951 110649 255049 28339 79813 326204 29837 0 0 0 0 0 0 0 0 0 0 0 0 
9 1020560 771355 1277923 16405 12095 20945 4.904855 2.462587 8.766380 0 100616 189465 22175 53276 26184 31401 153834 194400 0 0 0 0 0 0 0 0 0 0 0 
10 1221964 795637 1491112 15327 11296 23450 8.637132 2.512330 17.730545 0 56553 163503 120558 223966 12631 54574 36528 40244 87077 0 0 0 0 0 0 0 0 0 0 
11 1591824 1347379 1955162 12310 9399 14426 4.169417 2.995932 5.949069 0 188716 155711 106354 191116 62005 188312 204455 175968 53024 235734 0 0 0 0 0 0 0 0 0 
12 1524595 1293854 1763956 14322 12020 16954 4.647558 1.655171 8.413615 0 123983 185765 144247 306216 36395 155691 119918 190652 247308 40537 213242 0 0 0 0 0 0 0 0 
13 2941867 2222189 3635920 7974 6115 10379 2.176114 1.620649 3.360789 0 307643 286060 250766 322877 236657 399152 316638 316597 248469 281354 263839 405865 0 0 0 0 0 0 0 
14 3598178 3258018 4013965 6795 5928 7534 1.667722 1.522308 1.900520 0 210138 233158 210050 235430 324171 209851 313296 307046 278004 195386 226777 300477 214230 0 0 0 0 0 0 
15 4137569 3564310 4807106 6241 5161 7287 1.899009 1.505149 2.117137 0 283707 208131 233925 250092 189135 365193 172688 240013 255279 327634 260357 261341 196754 320057 0 0 0 0 0 
16 2889176 2550068 3525048 10314 8122 11677 2.167410 1.438011 3.162416 0 114129 165554 95215 204341 167670 194480 170099 199380 162372 204350 167295 211098 167078 207929 169702 0 0 0 0 
17 2619623 2473809 2748411 12152 11479 12913 4.706770 1.442076 11.027945 0 151877 82456 120905 91051 145682 196387 156765 173414 152280 184079 153026 194812 155078 163286 162149 190558 0 0 0 
18 4617298 2681504 6630366 8762 4846 12683 5.186265 2.418472 13.351520 0 192589 259721 262270 264337 219067 472943 435576 476759 432535 476394 430245 474691 430229 469345 433638 470397 429624 0 0 
19 7135026 6927032 7229533 4731 4634 4901 2.172257 1.910740 2.456858 0 207540 230284 275576 333978 415384 287477 440197 472410 438434 475420 436727 469629 432778 476047 437540 472024 435575 490407 0 
20 7021394 6702677 7385992 5124 4820 5411 2.689564 1.969784 3.597389 0 158522 310041 169044 218317 131534 261944 190714 332132 428268 471360 432353 465056 424700 473181 431234 471887 427412 472957 432015 
