jemalloc
2
20
350
17
4 396037 288350 517653 15792 11072 21341 16.173189 1.339266 44.069698 0 94436 182395 11519 0 0 0 0 0 0 0 0 0 0 0 0 0 0 0 0 
5 458187 349026 592608 17903 13023 23138 3.300570 1.468227 5.735937 0 189762 104863 92736 33083 0 0 0 0 0 0 0 0 0 0 0 0 0 0 0 
6 769100 684422 859277 12494 11167 14225 3.142197 2.191589 4.863375 0 116529 126324 197384 255383 163656 0 0 0 0 0 0 0 0 0 0 0 0 0 0 
7 849760 427288 1179331 16268 9507 29138 6.120329 2.720903 10.130925 0 105818 101336 33069 39531 132600 14932 0 0 0 0 0 0 0 0 0 0 0 0 0 
8 901033 616383 1132344 16428 11895 23080 8.550695 3.646189 20.599436 0 73052 113378 59774 95914 176117 48301 49845 0 0 0 0 0 0 0 0 0 0 0 0 
9 857401 734096 945965 18939 17046 22068 15.704642 3.584043 41.251842 0 152296 146438 131587 166668 120484 83852 113046 21097 0 0 0 0 0 0 0 0 0 0 0 
10 1082536 841376 1588816 17634 10774 21833 6.715822 4.808406 8.089989 0 83709 135228 32578 81439 32784 263331 55853 79383 77069 0 0 0 0 0 0 0 0 0 0 
11 1275991 1016545 1619573 15885 11609 19751 6.070402 5.152403 7.285645 0 188012 202900 48456 98048 46287 39228 108618 185545 82454 125467 0 0 0 0 0 0 0 0 0 
12 1527963 863312 1881389 15734 11006 26547 6.857822 2.912657 13.683662 0 56217 219513 39921 42473 28959 35768 34167 138192 156934 36469 74696 0 0 0 0 0 0 0 0 
13 2520002 1701960 3026902 9730 7467 14286 3.308890 2.544748 4.183521 0 113879 93389 40976 164758 149067 156008 164939 160049 162284 158327 166856 171425 0 0 0 0 0 0 0 
14 2032210 1800977 2111879 12815 12209 14383 2.395959 1.371269 2.951966 0 137854 82516 239271 203382 177935 142946 172550 146558 161035 158266 167875 156149 164970 0 0 0 0 0 0 
15 2114944 1966919 2340192 13262 11927 14278 3.643530 1.932822 6.905357 0 86844 128853 79634 142267 78430 160365 159519 157308 167783 166247 149240 161614 157681 171130 0 0 0 0 0 
16 2359601 2133499 2538197 12606 11539 14001 2.910017 2.798231 3.069607 0 91064 105887 254819 188355 111537 253840 162708 165800 156201 156849 154839 159765 153398 166165 164328 0 0 0 0 
17 2510574 2349307 2662656 12550 11579 13539 4.071988 2.461760 7.726588 0 114031 136957 162169 75404 213585 104778 91724 204364 156861 209165 157825 212094 160089 191770 175478 206057 0 0 0 
18 2336073 1993113 2739475 14871 12202 17400 12.037468 2.767734 23.640646 0 7148 109180 10514 95505 124700 103369 82855 47018 163945 156096 149957 158477 148069 168983 158232 159759 149301 0 0 
19 4125094 3558532 5052957 8785 6923 9923 4.976008 2.046884 8.410219 0 88258 57682 137444 139724 140153 156106 139878 142875 151115 282520 297109 283862 296658 281873 295812 282747 296530 305334 0 
20 4249724 4084645 4335640 8890 8705 9196 6.400839 3.152844 13.684106 0 124733 140712 69199 98757 159186 193330 152600 171684 170864 163791 304534 335970 303439 333231 304134 336768 306046 332223 301342 
