ptmalloc
2
20
350
17
4 357105 270474 399464 17655 14949 23113 1.786049 1.296357 2.871614 0 58461 167879 133149 0 0 0 0 0 0 0 0 0 0 0 0 0 0 0 0 
5 463005 432571 491954 17722 16489 19136 1.654949 1.079838 2.393699 0 120892 102742 147802 92446 0 0 0 0 0 0 0 0 0 0 0 0 0 0 0 
6 546844 484246 612648 18961 16684 21361 2.032830 1.738601 2.567354 0 83457 119236 85898 147878 82124 0 0 0 0 0 0 0 0 0 0 0 0 0 0 
7 680348 650692 707707 18020 17227 19210 3.069611 1.585142 6.274267 0 125340 129085 61439 96174 128019 132731 0 0 0 0 0 0 0 0 0 0 0 0 0 
8 796857 780967 825373 17913 17241 18395 2.171941 1.422729 2.601872 0 62295 112331 123981 104931 98408 162085 116934 0 0 0 0 0 0 0 0 0 0 0 0 
9 857299 792562 980158 18991 16164 20602 2.636889 2.004267 4.038555 0 38568 86546 92451 113578 85835 106558 113262 155761 0 0 0 0 0 0 0 0 0 0 0 
10 940170 813730 1126038 19631 15894 22254 2.745998 1.781852 4.569385 0 44599 145685 138503 124082 106727 130787 94747 203790 137116 0 0 0 0 0 0 0 0 0 0 
11 1008647 911011 1103276 20281 18277 22509 3.266047 2.185892 5.451769 0 30900 62136 94173 168459 78075 140084 85087 135748 78628 129773 0 0 0 0 0 0 0 0 0 
12 1071544 974230 1149396 20913 19256 22875 2.485329 2.040186 2.767158 0 56902 110378 104864 120071 76590 89581 110634 95091 102838 58654 48624 0 0 0 0 0 0 0 0 
13 1609515 1197655 1927225 15568 12473 20660 7.859191 1.327405 17.609383 0 102541 106500 81190 102508 100657 99922 103204 98456 95044 105267 107772 94590 0 0 0 0 0 0 0 
14 1078903 929378 1242766 25757 21759 29795 32.494144 2.158376 105.773262 0 54350 55515 10111 195644 102001 107354 95090 102115 102867 114111 100522 103564 99519 0 0 0 0 0 0 
15 1313309 1153360 1515702 22325 19004 25172 12.529835 6.475714 27.075571 0 43490 68270 34126 23154 149943 107869 103181 109219 87739 112927 113961 95270 99358 121380 0 0 0 0 0 
16 1374470 1154930 1738261 23492 17795 27660 6.121994 3.085067 11.116108 0 108424 83544 60747 47592 35145 62308 70899 80893 77037 89627 88822 89823 88156 94891 77018 0 0 0 0 
17 1403695 1239692 1489213 23938 22354 27170 6.706676 2.111983 11.410804 0 37721 76452 24876 116143 82428 32873 78698 95831 83762 94152 78023 81862 79838 92394 82260 102373 0 0 0 
18 1856281 1109464 2885846 21632 12157 32410 8.462580 2.201447 14.102774 0 69738 28495 34211 68575 77902 75835 82025 85409 150578 150576 150580 150583 150577 150581 150575 150577 150575 0 0 
19 1658698 1219218 1980157 24095 19148 31852 6.483540 2.496941 13.537932 0 51062 80543 35527 38109 76346 70177 77792 76733 65845 156447 156448 156448 156447 156447 156445 156444 156446 156445 0 
20 1798799 1609355 1979157 22609 20321 25140 6.886590 3.497368 10.241778 0 36028 16849 83217 14889 34985 79592 67468 70103 66071 79973 152494 152489 152490 152483 152490 152496 152492 152493 152399 
