scalloc
2
20
350
17
4 425507 248504 621567 15827 8877 25043 8.779716 1.504574 22.232172 0 94185 91719 62599 0 0 0 0 0 0 0 0 0 0 0 0 0 0 0 0 
5 646003 477629 932550 12862 7755 17031 5.278487 1.326440 13.733908 0 222745 107989 16218 196211 0 0 0 0 0 0 0 0 0 0 0 0 0 0 0 
6 592145 497201 725250 17077 13302 20589 3.538048 1.863875 7.489816 0 189550 101502 80980 99966 66151 0 0 0 0 0 0 0 0 0 0 0 0 0 0 
7 927851 525144 1108718 13904 10278 23220 7.282692 3.350399 13.800490 0 188335 160474 93808 84567 245281 283334 0 0 0 0 0 0 0 0 0 0 0 0 0 
8 933066 646163 1102849 15474 12236 22031 6.543123 3.490017 9.913160 0 145864 149676 239598 222351 206148 43606 95604 0 0 0 0 0 0 0 0 0 0 0 0 
9 1117801 1013050 1264525 14024 12048 15628 5.376353 3.641783 6.850828 0 158660 111222 203625 72465 206182 263903 128585 119880 0 0 0 0 0 0 0 0 0 0 0 
10 1384218 1318557 1453057 12671 11919 13383 8.658000 2.860821 21.352695 0 155040 61951 67855 186410 99541 228373 159889 238869 120625 0 0 0 0 0 0 0 0 0 0 
11 1294628 1202801 1456148 15325 13476 16422 7.703939 3.741796 12.373247 0 170906 89275 215722 103313 35407 108570 110398 115414 177425 115329 0 0 0 0 0 0 0 0 0 
12 1524240 1100117 1803545 14630 11464 20189 6.385935 4.216880 9.284351 0 124558 216480 213507 166929 35847 38938 104559 159603 143038 185828 113749 0 0 0 0 0 0 0 0 
13 2643144 1880002 3387431 8985 6515 12397 3.174321 1.599832 5.454427 0 332826 221249 237751 303849 273175 302929 272315 353962 271015 291021 268161 259173 0 0 0 0 0 0 0 
14 3694924 3157592 3944285 6544 6047 7753 2.075201 1.636160 2.425596 0 298264 184683 337835 352510 217611 224385 343908 235262 244825 365435 324391 281685 365339 0 0 0 0 0 0 
15 3722921 2973125 4227949 7165 6036 9028 2.007539 1.655610 2.679631 0 207754 297207 218033 207309 113743 304279 146931 304791 203008 143885 252735 254094 174577 144776 0 0 0 0 0 
16 3916971 3743525 3986901 7176 7019 7534 2.081539 1.419309 3.217618 0 219585 250609 284813 306578 118980 306483 277185 289292 332446 275340 248271 229542 382834 196924 258849 0 0 0 0 
17 3977405 3817729 4381357 7641 6844 7991 2.674181 2.363413 3.060025 0 154343 287633 208218 264504 147245 169829 145504 315315 214012 157168 252573 296557 345977 174183 265698 445248 0 0 0 
18 3867278 3671275 4162041 8450 7712 8949 2.223046 1.832654 2.749799 0 186086 271410 221394 186114 152819 317182 190043 177341 240049 182199 163864 277311 141103 323497 224012 279316 202884 0 0 
19 7586022 4205389 9782261 4979 3271 8252 1.520332 1.318483 1.834296 0 403338 324222 420438 332799 369123 364429 388118 371514 419684 338534 420066 387503 420631 261938 420657 387719 420494 380450 0 
20 7444482 6411811 8582467 4814 3993 5643 1.775866 1.713913 1.815010 0 357015 588226 420081 386642 330253 522771 436005 578775 327737 535508 400215 587656 354514 571003 324206 588437 483759 433388 356271 
