SuperMalloc
2
20
350
17
4 390504 296965 525282 15707 10353 20155 2.608525 1.445176 5.827816 0 197049 127322 200910 0 0 0 0 0 0 0 0 0 0 0 0 0 0 0 0 
5 406312 350056 497301 20519 16220 23826 3.589751 1.478655 7.135441 0 106651 157701 110067 122880 0 0 0 0 0 0 0 0 0 0 0 0 0 0 0 
6 597623 424966 749818 17300 12447 24190 4.161004 2.912996 6.272088 0 183687 64175 83371 208204 120834 0 0 0 0 0 0 0 0 0 0 0 0 0 0 
7 787923 639915 898289 15107 12523 18654 5.183464 2.376811 10.157820 0 208215 82763 311654 60575 90201 144880 0 0 0 0 0 0 0 0 0 0 0 0 0 
8 921723 627120 1318470 16261 9849 22753 5.739180 2.031041 10.037171 0 78519 166011 44159 211457 176560 217604 56954 0 0 0 0 0 0 0 0 0 0 0 0 
9 1081246 747099 1351625 15561 11262 21728 9.429605 3.634415 20.041119 0 21736 213977 145467 90261 66369 83179 162186 100683 0 0 0 0 0 0 0 0 0 0 0 
10 1080776 915920 1275444 16730 13657 19632 5.680254 2.500172 10.543863 0 92798 155396 232011 95377 175681 132751 94530 108067 188831 0 0 0 0 0 0 0 0 0 0 
11 1163396 1151434 1172731 17144 16949 17396 9.594332 3.598652 14.274215 0 88258 72242 78763 133883 72491 90283 113171 259975 122672 132641 0 0 0 0 0 0 0 0 0 
12 1413928 1177277 1608811 15447 13299 18691 17.051556 8.952120 33.592876 0 159377 139488 24157 200858 106170 118673 216259 29931 79780 112565 178118 0 0 0 0 0 0 0 0 
13 1708108 1387008 2018957 13969 11345 17202 12.151897 4.008665 19.800398 0 117835 248858 153270 94752 90992 123190 101371 49134 147802 135337 111897 12568 0 0 0 0 0 0 0 
14 2970736 2038153 3353562 8612 7290 12197 3.061675 1.647203 6.959773 0 237471 283859 262808 215971 219779 298510 295588 215872 207130 341186 243004 269133 263248 0 0 0 0 0 0 
15 3820070 2983181 4613624 6989 5356 9035 1.478434 1.190114 1.811526 0 284772 250956 286285 369113 307936 358843 355863 448076 341647 390652 247347 318896 317079 336155 0 0 0 0 0 
16 4173959 3752827 4575256 6698 5985 7579 2.101554 1.534719 3.238444 0 318811 305625 244981 334502 351885 244692 342134 270931 311077 337520 312851 229283 265870 267533 303658 0 0 0 0 
17 4093366 3891707 4319299 7269 6936 7740 1.657803 1.199073 2.098396 0 243934 258062 257412 245526 281015 248625 279118 283230 245304 289475 262261 269232 242612 252883 235589 295328 0 0 0 
18 4262322 4020222 4576144 7514 6920 8005 1.927143 1.807887 2.015137 0 181698 261635 166280 227930 237308 177914 265259 306107 274836 273524 280919 213203 160489 264093 231117 296069 201837 0 0 
19 5999123 4375875 7127096 5897 4785 7880 1.879047 1.274897 2.659953 0 259692 227584 313113 416451 418182 423862 422363 424211 422253 424299 414057 424311 421272 424302 420770 424053 422027 424290 0 
20 6845260 6466634 7123660 5266 4972 5703 2.275169 2.044407 2.656282 0 219608 202716 251413 256101 410819 412465 411164 414181 412268 414434 413930 413974 412143 413710 411333 413294 413242 414225 412634 
