tcmalloc
2
20
350
17
4 573049 512565 634969 9860 8488 11252 6.917090 1.419904 22.953754 0 209917 235405 165789 0 0 0 0 0 0 0 0 0 0 0 0 0 0 0 0 
5 676787 640706 754870 11564 10055 12480 5.444711 1.740447 11.624043 0 143505 256717 22085 228385 0 0 0 0 0 0 0 0 0 0 0 0 0 0 0 
6 654974 370893 771668 16623 12617 27551 5.824138 2.121509 13.704096 0 260199 124593 18987 106394 210182 0 0 0 0 0 0 0 0 0 0 0 0 0 0 
7 953282 708104 1040848 12359 10703 16824 2.507153 1.597281 3.712940 0 141697 122747 295480 221496 114678 131310 0 0 0 0 0 0 0 0 0 0 0 0 0 
8 955346 844160 1085080 14603 12602 16635 3.673965 1.672590 5.500266 0 93848 211443 273267 177170 55749 150471 123131 0 0 0 0 0 0 0 0 0 0 0 0 
9 901082 628628 1133709 18830 13983 26518 4.863181 3.428958 7.533343 0 69888 239645 104736 163177 129448 211800 130007 85006 0 0 0 0 0 0 0 0 0 0 0 
10 1279446 1154734 1423748 13996 12250 15746 7.671900 5.471918 10.127566 0 131873 159213 122531 229562 109686 133178 142652 30254 95781 0 0 0 0 0 0 0 0 0 0 
11 1579273 1189001 1836742 12608 10249 16789 7.883007 2.618468 17.428110 0 156107 102843 238971 145116 101932 118090 148217 168808 116591 294030 0 0 0 0 0 0 0 0 0 
12 1938358 1801968 2145432 10809 9282 11783 5.394370 3.167567 8.885790 0 147021 77258 267053 206691 184088 179063 148400 157765 110293 148805 192613 0 0 0 0 0 0 0 0 
13 1508917 1312642 1668741 15866 14042 18426 8.349266 5.566257 11.257630 0 85959 161150 47779 176635 199075 186299 131691 35764 198578 141911 142758 78043 0 0 0 0 0 0 0 
14 1756679 1476606 2003671 14688 12599 17420 6.003590 2.555455 10.759659 0 91260 212263 95031 227750 177238 177296 157575 89585 226379 166046 42865 181261 159118 0 0 0 0 0 0 
15 2432879 2083026 2705968 11442 10019 13462 2.379375 1.312731 3.113258 0 152196 84066 66883 168719 163919 163855 154502 174160 160471 166305 165343 151853 162189 148561 0 0 0 0 0 
16 2414422 2343807 2469878 12259 11919 12530 6.766791 4.656373 9.192604 0 90616 198242 27205 95328 159722 196642 165025 204998 185954 199538 170165 204317 168052 226505 159495 0 0 0 0 
17 2432448 2199649 2709880 13239 11572 14860 6.038510 1.833249 10.422019 0 45934 109678 17215 43887 137592 161323 176927 162772 155706 166942 168968 179422 172909 169187 164207 166975 0 0 0 
18 2584812 2397690 2761105 13195 12132 14329 4.757825 2.218480 8.244161 0 179778 140579 210332 80801 184405 184296 159080 163616 158648 170595 155710 154119 159820 175396 159837 163776 160311 0 0 
19 2799226 2721449 2896285 12791 12290 13113 4.210558 3.097706 4.906009 0 48577 91051 135457 78250 191964 151273 138595 166178 136292 184109 163502 177713 149923 185670 166026 198409 166973 191480 0 
20 4350745 2897546 5135445 9040 7139 12908 6.818344 3.292617 15.680048 0 154045 157283 21257 162809 167257 178965 169031 183484 299547 333316 303887 332897 300557 333199 301968 332252 301488 331532 300321 
