ptmalloc
2
20
0
17
4 671132 594239 728181 12231 11124 13885 2.026023 1.545518 2.624802 160548 164434 243746 157712 0 0 0 0 0 0 0 0 0 0 0 0 0 0 0 0 
5 587628 440907 697300 18245 14585 24139 1.895656 1.722954 2.109083 148230 193468 91731 103352 97409 0 0 0 0 0 0 0 0 0 0 0 0 0 0 0 
6 387691 361039 411222 33025 30818 35478 2.686480 1.475395 3.735881 79989 54033 58083 71691 52223 95200 0 0 0 0 0 0 0 0 0 0 0 0 0 0 
7 342748 310838 395452 44534 38130 48644 3.472182 1.844710 4.702301 60826 39416 45580 14359 20172 62963 67520 0 0 0 0 0 0 0 0 0 0 0 0 0 
8 305637 270157 360990 57743 47800 64719 4.782558 2.115197 7.872684 34421 38784 57306 27092 31852 29404 51648 50429 0 0 0 0 0 0 0 0 0 0 0 0 
9 156622 141650 164128 126614 120618 139160 7.573693 3.275996 16.876291 1934 20642 11126 11876 32650 24018 23038 14328 24512 0 0 0 0 0 0 0 0 0 0 0 
10 319711 302960 359261 68642 60709 72172 4.659591 3.664669 6.831240 13479 10955 11351 12094 28994 45730 44461 45863 44494 45535 0 0 0 0 0 0 0 0 0 0 
11 260978 187932 326088 96000 73876 128511 5.401674 4.072757 7.102274 3956 5738 8358 6676 4224 19940 28073 28101 27726 27064 28073 0 0 0 0 0 0 0 0 0 
12 192992 165000 250728 139883 104883 159409 9.691430 4.901181 14.901884 1787 6784 4461 7197 6902 4900 15485 26629 25382 26450 25246 26455 0 0 0 0 0 0 0 0 
13 191816 165270 247536 152837 114934 172753 7.271270 4.307454 9.844622 2426 5336 3785 9458 6501 2520 5103 11527 23886 23549 23860 23755 23875 0 0 0 0 0 0 0 
14 146611 84367 236682 239777 129678 364838 8.189812 5.154198 11.750462 1731 1891 2548 2257 1625 11051 4097 3499 12868 19102 17828 18880 18033 18999 0 0 0 0 0 0 
15 99799 68477 152809 363822 216368 481565 7.231057 4.440289 11.619866 2049 2630 3067 1889 2333 2257 2043 3368 2407 5044 8256 8324 8081 8333 8390 0 0 0 0 0 
16 98828 61461 140288 398070 250940 572980 11.070777 5.798462 18.935349 2236 2256 2437 2956 1647 2152 2304 2819 3523 2576 3425 9484 9070 9552 8954 9457 0 0 0 0 
17 73498 52799 81055 526664 461345 708987 7.782736 4.315382 12.000380 1147 1583 1100 2159 878 3965 2657 1109 3322 3420 1301 4244 10459 10475 10481 10507 10544 0 0 0 
18 81933 57844 96377 503963 411451 687262 7.845186 7.053657 8.478338 1556 1236 1099 2100 2990 2435 1078 1124 1367 1721 1287 1043 2777 7347 7073 7318 6925 7361 0 0 
19 65923 42953 86178 690633 487215 978930 8.805870 5.624832 12.036708 2306 3554 1961 1858 2325 1838 890 1537 837 3185 1822 1476 3293 4226 9859 9874 9912 9762 9929 0 
20 47196 34820 65980 993303 669197 1266963 6.770918 4.243243 11.417636 1789 1168 1169 928 1632 1171 967 1100 910 709 1070 1193 945 1001 1954 3453 3410 3477 3424 3342 
