scalloc
2
20
0
17
4 1373316 1233912 1531627 4877 4105 5596 1.540406 1.434513 1.781065 310389 479707 269337 279942 0 0 0 0 0 0 0 0 0 0 0 0 0 0 0 0 
5 1338579 1300045 1379749 6578 6248 6715 1.264851 1.065915 1.516562 290400 274650 277596 223729 266814 0 0 0 0 0 0 0 0 0 0 0 0 0 0 0 
6 1300446 1151601 1464646 8648 7364 9957 1.725047 1.383871 2.172254 277866 127916 176559 202434 274440 236026 0 0 0 0 0 0 0 0 0 0 0 0 0 0 
7 1296770 1259744 1344271 10368 9893 10727 1.877869 1.514629 2.189936 155513 196432 212833 183487 178181 267518 150305 0 0 0 0 0 0 0 0 0 0 0 0 0 
8 1314869 1234371 1393700 11759 11064 12601 1.843125 1.364216 2.122725 167719 182160 102682 159538 169585 122922 152131 177632 0 0 0 0 0 0 0 0 0 0 0 0 
9 1436754 1266628 1691793 12452 10364 14113 1.368340 1.323968 1.420117 192043 197049 169020 174604 219681 165926 186960 195814 190693 0 0 0 0 0 0 0 0 0 0 0 
10 2819435 1949728 3359877 7157 5613 10071 2.751236 2.007269 3.247365 171808 122052 184586 182202 323397 395630 387574 396347 388372 395972 0 0 0 0 0 0 0 0 0 0 
11 3213365 3070924 3284462 6573 6460 6857 2.668205 2.388273 2.918191 161385 138364 171779 208526 175268 313477 381543 380096 382458 380585 377438 0 0 0 0 0 0 0 0 0 
12 3291598 3023301 3531355 7077 6571 7783 2.902161 2.755266 3.157386 136330 136080 153615 159596 145238 150710 295649 374403 364374 374936 359980 372387 0 0 0 0 0 0 0 0 
13 2973098 2749581 3121680 8638 8199 9391 2.971459 2.772015 3.105648 132321 154752 120253 103570 148615 105593 104426 275864 320828 321652 320317 320587 320800 0 0 0 0 0 0 0 
14 2943051 2735089 3132687 9487 8821 10256 2.900754 2.593640 3.111269 119727 129091 116789 136851 142802 124515 119765 117976 247793 302910 289600 299371 288682 299213 0 0 0 0 0 0 
15 2916068 2619979 3067703 10331 9695 11517 3.205062 2.907556 3.552574 129762 121913 117442 142561 107703 132331 107794 108545 131441 270328 311457 313472 311937 313634 311582 0 0 0 0 0 
16 2836282 2778604 2911600 11349 11079 11593 3.462154 2.959091 4.705924 134438 111696 107522 134255 145765 149561 131700 99834 134099 91947 251398 286533 280325 286103 279928 286491 0 0 0 0 
17 2920929 2872244 2960724 11698 11522 11872 3.270020 2.731236 3.983235 126550 113562 130785 106161 126022 117050 114377 115308 102567 125410 120170 245544 278546 279628 277939 280134 279270 0 0 0 
18 2710812 2558725 2827450 13566 12906 14481 3.273329 3.006974 3.675890 91682 84496 93620 78246 89649 110322 101857 130209 92628 90200 104782 102867 205849 239597 231280 239397 232203 239836 0 0 
19 2744573 2675301 2884082 14163 13367 14564 4.239464 3.975576 4.726938 67312 87198 83515 79389 127376 95620 96896 60690 129833 121702 78468 133935 104687 222818 239794 242116 241318 242652 241014 0 
20 2762700 2666529 2824390 14788 14424 15356 3.572830 3.349854 3.816244 79840 78633 109410 123824 93958 86070 98185 96186 107314 125574 113902 111986 70647 64187 206481 239200 231880 240360 232203 240480 
