SuperMalloc
2
20
0
17
4 1326010 1180703 1400022 5047 4705 5928 1.409510 1.207139 1.695696 336474 271758 330968 460820 0 0 0 0 0 0 0 0 0 0 0 0 0 0 0 0 
5 1346167 1315491 1422768 6605 6114 6821 1.887337 1.530234 2.152807 190353 282215 220828 225402 396691 0 0 0 0 0 0 0 0 0 0 0 0 0 0 0 
6 1467311 1383074 1545340 7342 6801 7722 1.686037 1.340883 2.364652 174929 273589 216108 237849 278881 288992 0 0 0 0 0 0 0 0 0 0 0 0 0 0 
7 1433186 1342706 1494959 9159 8712 9801 1.793012 1.378301 2.410790 216828 210161 197855 157315 205306 167249 187989 0 0 0 0 0 0 0 0 0 0 0 0 0 
8 1432721 1305639 1501579 10668 9949 11859 2.344506 1.690842 2.879828 139198 167103 235362 145583 192877 186583 170353 201143 0 0 0 0 0 0 0 0 0 0 0 0 
9 1579753 1462498 1659576 11036 10397 12019 2.020652 1.374677 2.627425 198270 111300 248125 94926 144450 249412 122948 202598 173778 0 0 0 0 0 0 0 0 0 0 0 
10 2857291 1918273 3249942 7096 5880 10237 2.500165 1.968701 2.762897 182777 171039 149400 192548 404520 411646 405313 412777 406359 412767 0 0 0 0 0 0 0 0 0 0 
11 2999479 2875791 3060386 7201 7031 7604 2.693923 2.554050 2.974700 160506 165827 164556 159397 142254 370968 370224 371756 370649 372030 367735 0 0 0 0 0 0 0 0 0 
12 2710339 2324454 3283142 9031 7159 10516 2.949214 2.786805 3.401754 90312 159833 147800 140154 152172 157485 300166 307220 301085 306107 298981 305167 0 0 0 0 0 0 0 0 
13 2668094 2476394 2896745 9822 8944 10601 3.167533 2.516882 4.069459 122977 114862 137430 123761 130321 104327 119962 320234 319613 320730 316860 318382 316382 0 0 0 0 0 0 0 
14 2684785 2491792 3045528 10608 9152 11367 2.879985 2.723586 3.055240 126367 97277 98039 117980 111037 103436 120735 110916 267034 271073 264395 269159 265076 269266 0 0 0 0 0 0 
15 2601035 2489151 2777355 11764 10851 12313 3.487840 2.840144 4.241455 91859 106753 87373 138856 150829 101059 139430 150928 138670 280696 276909 279824 277256 280197 276711 0 0 0 0 0 
16 2711187 2627425 2797486 12008 11497 12505 3.383226 3.149019 3.703597 130630 125089 114093 113920 131865 90139 74271 106459 133783 143222 269403 274628 269745 275072 270152 275009 0 0 0 0 
17 2692922 2445023 3017231 13014 11339 14357 3.553743 3.255228 3.892583 118059 117709 85801 97279 119327 87066 72203 126374 119111 104423 126901 271215 269419 271721 269335 271789 269554 0 0 0 
18 2595349 2535584 2737227 14187 13413 14575 3.350857 2.739058 3.819564 89562 106919 106107 97756 98044 65331 105539 108333 96252 61297 101275 105761 230567 233719 230267 233805 230913 234130 0 0 
19 2579701 2483475 2677941 15246 14546 15894 3.810471 3.127248 4.722206 71559 93070 94907 113989 90724 71697 99863 99032 117800 82156 96964 68396 106580 213641 211504 213550 212193 213893 211950 0 
20 2459585 2403131 2574300 16865 16075 17273 4.008032 3.424683 4.630857 78456 105577 89544 105450 75697 58550 77335 83991 100991 104835 52252 84819 59185 83873 209174 215475 209234 215873 209566 215376 
