Custom_Allocator
2
20
0
17
4 1598436 1469954 1700787 3905 3593 4346 1.412032 1.316747 1.548207 342801 446047 420370 451382 0 0 0 0 0 0 0 0 0 0 0 0 0 0 0 0 
5 1714793 1658446 1808218 4796 4291 5134 1.530652 1.125902 1.943681 357601 222472 309922 432416 371701 0 0 0 0 0 0 0 0 0 0 0 0 0 0 0 
6 1679930 1641885 1739810 6205 5862 6382 1.783598 1.444580 2.533145 315580 292044 291694 287067 327036 226388 0 0 0 0 0 0 0 0 0 0 0 0 0 0 
7 1727473 1548324 1961485 7278 5989 8275 1.761471 1.488816 1.955075 255436 331594 226911 305948 181442 328404 331747 0 0 0 0 0 0 0 0 0 0 0 0 0 
8 1766821 1567009 2039990 8431 7064 9664 1.998937 1.734301 2.320090 182483 232926 278768 262318 179580 137022 231511 201170 0 0 0 0 0 0 0 0 0 0 0 0 
9 2179662 1880825 2452543 7804 6758 8923 1.846080 1.359445 2.161138 183120 184484 177593 152529 307585 312356 329637 250818 322816 0 0 0 0 0 0 0 0 0 0 0 
10 3849903 3571303 4129589 4789 4357 5206 2.981305 2.745048 3.452003 151229 237614 183738 241625 321007 521925 506994 522043 507467 521980 0 0 0 0 0 0 0 0 0 0 
11 3646811 3503061 3829154 5690 5455 5974 2.754883 2.449008 2.914296 203045 193913 194086 169290 171372 274326 488082 480256 488012 480166 487513 0 0 0 0 0 0 0 0 0 
12 3423006 3215274 3664078 6728 6262 7163 2.972829 2.666759 3.331382 193135 159425 159850 194147 172049 151389 255103 439281 431561 439425 429345 436843 0 0 0 0 0 0 0 0 
13 3450162 3234044 3715086 7290 6669 7742 2.813383 2.557722 3.357076 154109 190771 147032 161011 196382 163639 148936 209546 376067 371294 373625 368523 373104 0 0 0 0 0 0 0 
14 3385286 3197430 3854573 8066 6929 8509 3.221755 3.005610 3.418652 107829 169450 161346 169744 104924 167547 190255 128032 223726 358698 349318 358522 349472 358562 0 0 0 0 0 0 
15 3373588 3227464 3557924 8693 8213 9097 3.013656 2.878664 3.151042 134872 198512 107348 183117 201298 168179 121336 192239 159672 215202 333770 333775 333723 334136 334034 0 0 0 0 0 
16 3265631 3226604 3296133 9730 9574 9886 3.173138 2.940670 3.376952 146809 109188 161033 139783 104678 178891 158570 131663 131346 102207 221365 341493 335063 341582 335982 341973 0 0 0 0 
17 3268211 3107650 3406641 10431 9888 11073 3.479302 3.115357 4.423420 68405 68659 132473 164471 117737 161791 175311 136458 171825 106795 121305 176430 302425 299384 302270 299318 302587 0 0 0 
18 3242768 2979684 3485311 11193 10347 12295 3.726530 3.310806 4.411917 133431 117310 98947 86501 129302 81463 142840 144420 128586 68810 79530 80250 178047 303175 300054 303245 300184 303584 0 0 
19 3455870 3274275 3786448 10998 10019 11583 3.844725 3.582106 4.261949 86290 101385 145260 108182 85435 96693 140086 141727 135396 152946 130391 164142 151434 162077 316417 314379 316847 314291 316764 0 
20 3341121 3258251 3406774 12023 11831 12376 3.463502 2.755623 4.167122 104980 84684 98054 133292 140766 120547 142815 127233 129223 120507 72332 133818 128605 129399 196769 301351 294910 301417 295231 301297 
