Hoard
2
20
0
17
4 1825254 1682833 1925767 3155 2804 3577 1.335027 1.274801 1.369202 409356 521848 501404 491080 0 0 0 0 0 0 0 0 0 0 0 0 0 0 0 0 
5 1656268 1589487 1790411 5102 4504 5366 1.632742 1.359926 1.988292 370724 272606 295250 308954 341953 0 0 0 0 0 0 0 0 0 0 0 0 0 0 0 
6 1615641 1467390 1811616 6566 5582 7379 1.457002 1.225993 1.647722 213310 186751 286172 258314 215128 307714 0 0 0 0 0 0 0 0 0 0 0 0 0 0 
7 1590233 1463485 1841793 8158 6959 8862 2.160790 1.328184 3.543094 153412 238434 308763 195605 382268 136870 107891 0 0 0 0 0 0 0 0 0 0 0 0 0 
8 1693592 1561433 1782783 8725 8234 9486 2.272067 1.743288 3.203535 177479 344978 190013 179242 107686 237237 227338 260958 0 0 0 0 0 0 0 0 0 0 0 0 
9 1898973 1663547 2164211 9050 7792 10266 1.856086 1.573483 2.111387 151328 182864 203190 172334 319512 265376 314075 250382 305148 0 0 0 0 0 0 0 0 0 0 0 
10 3485377 3002604 3767920 5401 4930 6321 2.465845 2.192122 2.793711 203704 201405 189869 227217 302067 501115 485489 502307 487077 503058 0 0 0 0 0 0 0 0 0 0 
11 3529037 3208523 3952032 5907 5165 6534 2.751166 2.494622 2.983114 163594 205906 179712 169371 189597 232606 427493 408640 427194 398351 406055 0 0 0 0 0 0 0 0 0 
12 3597154 3314817 3923791 6377 5735 6860 2.930498 2.570860 3.367525 178778 123197 164040 176708 181311 211974 235544 412139 403830 413078 399346 414869 0 0 0 0 0 0 0 0 
13 3327210 2891920 3834470 7637 6494 8792 2.900403 2.475031 3.103490 125014 128068 118656 139203 152065 148619 140412 178759 368247 322255 343484 365002 362131 0 0 0 0 0 0 0 
14 3431781 3296875 3616517 7942 7496 8272 2.996421 2.770515 3.112874 179290 193486 124431 150540 148058 159194 159859 129812 195383 380759 360366 379976 355973 379742 0 0 0 0 0 0 
15 3229806 3020331 3535224 9236 8331 9854 3.113816 2.974194 3.420436 126859 124297 139427 136622 138292 137514 118418 112957 128216 187464 329057 340167 343844 343830 342076 0 0 0 0 0 
16 3179491 3051194 3261997 9978 9713 10386 3.286214 3.009103 3.875496 126041 128876 134628 106817 126030 108669 122133 173953 132431 124863 192159 319279 303628 321425 311044 319213 0 0 0 0 
17 3074662 2553317 3449656 11284 9782 13552 3.554560 3.053396 4.115650 142111 122625 156402 125008 128246 176860 100023 153966 134848 132026 163000 186402 348055 341421 347474 345703 345481 0 0 0 
18 3064025 2948547 3332479 11881 10692 12527 3.037427 2.869212 3.229681 112981 119141 134234 112628 132612 103111 120589 118938 103965 110896 114482 110546 171583 295370 293540 295474 271960 296704 0 0 
19 3077969 2681965 3553374 12667 10702 14582 3.422509 3.037638 4.229403 104668 76911 76239 108806 135942 73463 108835 80524 110706 104906 110683 95279 120544 152166 246700 242252 244736 240677 247920 0 
20 3259104 3141915 3567602 12370 11216 12822 3.593696 3.143190 4.220479 152622 93642 96011 144270 135199 143360 167545 143826 143956 143294 157324 150166 131795 145718 174764 293542 279588 294336 283724 292912 
