jemalloc
2
20
0
17
4 1588076 1406307 1728337 3914 3438 4687 1.258322 1.129760 1.363371 421986 400925 409820 373519 0 0 0 0 0 0 0 0 0 0 0 0 0 0 0 0 
5 1411813 1319395 1502856 6178 5627 6584 1.409764 1.326076 1.555642 280542 226491 318801 315367 312644 0 0 0 0 0 0 0 0 0 0 0 0 0 0 0 
6 1341895 1313673 1354937 8182 7956 8341 1.522035 1.331406 1.775527 230537 245307 201165 262148 189357 223462 0 0 0 0 0 0 0 0 0 0 0 0 0 0 
7 1539001 1419684 1711514 8407 7378 9358 2.025048 1.428022 2.926422 249675 220003 252840 184208 143040 196581 237050 0 0 0 0 0 0 0 0 0 0 0 0 0 
8 1486588 1379189 1587372 10352 9507 11295 2.131983 1.532903 2.641142 207163 232772 157276 165675 88133 135724 190820 201624 0 0 0 0 0 0 0 0 0 0 0 0 
9 1609840 1419568 1802003 10903 9640 12161 1.584105 1.152755 1.936418 186472 154697 167554 163961 190480 245067 260536 227280 205954 0 0 0 0 0 0 0 0 0 0 0 
10 2875058 2390536 3123725 6773 6149 8100 2.584582 2.306748 2.927313 160869 164961 174610 183432 224040 405302 395675 402548 395788 405045 0 0 0 0 0 0 0 0 0 0 
11 3031323 2889689 3267144 7037 6433 7358 2.913030 2.548091 3.269172 180715 183894 146379 175733 115537 214057 377289 369209 377710 371993 377170 0 0 0 0 0 0 0 0 0 
12 2919374 2749768 3239669 8118 7186 8614 2.927411 2.664944 3.338022 123033 167327 133478 131963 121878 163967 198333 344896 337527 347139 335227 344997 0 0 0 0 0 0 0 0 
13 2824879 2674964 3027187 9157 8499 9684 3.109372 2.957983 3.399958 110446 118973 147927 113618 131412 132155 123214 180290 325771 319281 325730 319444 326698 0 0 0 0 0 0 0 
14 2906421 2688809 3105014 9676 8918 10530 3.108783 2.844063 3.438767 112475 122471 134626 99232 121136 107529 128853 104651 189576 315633 309349 315383 311152 316738 0 0 0 0 0 0 
15 2757754 2602475 2894503 10928 10423 11536 3.429229 2.994418 3.907415 115314 96772 110902 95843 99591 118651 114610 122445 117178 182655 286944 283863 286995 283883 286824 0 0 0 0 0 
16 2784010 2473275 2977742 11669 10804 13090 3.295260 2.941362 3.587250 99633 94569 89645 89941 116681 97666 95451 99062 90771 120536 172745 263267 257945 263680 258073 263606 0 0 0 0 
17 2693582 2535940 2816682 12786 12172 13583 4.202963 2.897192 6.165814 80966 135397 110864 100781 83938 115901 119841 120595 132877 131650 86321 145219 234348 234379 233961 234321 234575 0 0 0 
18 2875556 2493593 3050197 12768 11885 14787 3.621450 2.756882 4.427616 74290 88103 107518 96952 84110 107527 118253 82662 86010 94910 127977 102911 158149 234593 229958 234688 230071 234905 0 0 
19 2799823 2732035 2901108 13821 13305 14117 3.728187 3.099987 4.354627 74153 89106 103382 86240 93480 100534 128582 111335 108228 103788 118280 90404 121196 178586 264306 260507 264718 261294 265205 0 
20 2892881 2778767 3062685 14099 13345 14746 4.078630 3.341288 6.092354 110233 109545 109460 102500 85146 94768 122737 88845 76851 85273 125885 111936 125195 120144 161491 256168 252298 256781 252208 256687 
