tcmalloc
2
20
0
17
4 1611202 1440700 1710830 3890 3582 4484 1.322516 1.145267 1.441223 414247 301648 360048 364755 0 0 0 0 0 0 0 0 0 0 0 0 0 0 0 0 
5 1526545 1404226 1769495 5669 4476 6392 1.467796 1.206463 1.643109 286072 294556 341021 342776 244566 0 0 0 0 0 0 0 0 0 0 0 0 0 0 0 
6 1554897 1313783 1715386 6965 6069 8652 2.019803 1.604972 2.797030 217337 372815 262630 367688 210587 284327 0 0 0 0 0 0 0 0 0 0 0 0 0 0 
7 1501992 1329174 1652985 8755 7774 10113 1.803014 1.522571 2.068396 191421 175608 176085 267375 199340 248793 234169 0 0 0 0 0 0 0 0 0 0 0 0 0 
8 1587639 1481770 1834234 9523 7963 10298 2.080397 1.668111 2.738416 214604 247063 185952 147534 227752 275714 100684 107506 0 0 0 0 0 0 0 0 0 0 0 0 
9 1492713 1444158 1524060 11717 11316 12295 2.707433 1.589139 4.604246 162496 177490 162621 188263 141178 201081 185837 155004 126535 0 0 0 0 0 0 0 0 0 0 0 
10 2829818 1955508 3409449 7114 5552 9884 2.378039 1.638848 2.993498 171680 176695 167913 166821 450904 457173 451651 457284 452055 457270 0 0 0 0 0 0 0 0 0 0 
11 3159450 2971728 3510295 6818 6032 7220 2.920339 2.628000 3.146227 123574 159724 139084 169778 150328 388794 385492 388565 385374 388264 383796 0 0 0 0 0 0 0 0 0 
12 2882249 2661805 3230544 8338 7351 9051 3.150636 2.733346 3.643248 102531 127070 154017 124808 137793 153853 308001 312617 308841 313287 307069 311914 0 0 0 0 0 0 0 0 
13 2805603 2650869 3011268 9324 8578 9862 2.981080 2.802877 3.362190 120350 136230 124193 89205 163560 114697 107694 299922 299437 299925 297999 299186 298466 0 0 0 0 0 0 0 
14 2648162 2525859 2797458 10736 10073 11288 3.405514 3.044447 3.924200 117184 111813 130431 135932 131721 95128 113404 123161 304469 308558 303714 308487 304529 308921 0 0 0 0 0 0 
15 2819455 2650016 2964773 10777 10239 11583 3.026508 2.787763 3.550706 106822 120358 116171 98645 100277 101454 96416 101555 117825 281766 280915 281966 281623 282565 281655 0 0 0 0 0 
16 2564042 2483540 2641982 12764 12296 13284 3.513634 2.644638 4.567554 103536 85008 103552 129474 91967 128995 130460 85643 59478 108196 266342 271482 267356 271640 267177 271672 0 0 0 0 
17 2562672 2364492 2731964 13628 12719 14749 3.722564 3.335037 4.857371 84209 85974 104318 139601 111459 109353 105550 156914 58626 64039 51401 249156 244536 249675 244707 249628 244970 0 0 0 
18 2682099 2539524 2855739 13795 12882 14610 3.729901 3.242503 4.229911 76803 66939 87151 92495 115536 115960 109860 137266 73768 107421 96414 73763 255372 260381 255121 260251 255400 260274 0 0 
19 2703490 2646349 2820300 14463 13774 14794 3.716393 3.414406 3.877850 95542 92017 109702 90740 77645 76542 104483 92561 64977 83091 83025 85871 82375 251973 250624 251821 250628 251951 250773 0 
20 2407840 2293644 2573103 17252 16079 18090 3.870428 3.671324 4.122122 80701 72103 73649 78372 64203 88016 83404 92408 68009 71193 55897 80144 73605 59263 206475 210705 206876 210995 206832 210789 
