Hoard
2
20
350
17
4 435885 393084 503352 13347 11153 14842 1.840217 1.334462 2.191073 0 133041 88442 193784 0 0 0 0 0 0 0 0 0 0 0 0 0 0 0 0 
5 642544 596718 704557 11878 10611 12764 6.840310 1.954655 11.951980 0 93188 170586 182151 164275 0 0 0 0 0 0 0 0 0 0 0 0 0 0 0 
6 680150 561730 851915 14980 11420 18004 6.457354 4.326135 8.522390 0 75068 112694 28249 240749 104969 0 0 0 0 0 0 0 0 0 0 0 0 0 0 
7 958155 841638 1062454 12098 10544 14146 3.403406 1.998423 5.637757 0 65313 229354 81619 204033 105765 235801 0 0 0 0 0 0 0 0 0 0 0 0 0 
8 1098215 1045591 1157206 12312 11595 13056 2.754510 1.512246 4.335818 0 229099 224756 95903 101317 240464 148120 80307 0 0 0 0 0 0 0 0 0 0 0 0 
9 1049427 914764 1276328 15249 11995 17488 4.738433 3.472690 6.545725 0 87646 253557 73014 73921 168880 92875 155265 147824 0 0 0 0 0 0 0 0 0 0 0 
10 1211779 1089035 1287804 14578 13327 16231 13.425817 5.072395 34.398594 0 218668 66530 216745 191893 121677 144781 84147 42851 200509 0 0 0 0 0 0 0 0 0 0 
11 1230046 1067545 1512531 16563 12694 19027 3.224649 2.798950 3.823718 0 69962 119574 128219 176793 139845 112253 77485 84329 118895 238579 0 0 0 0 0 0 0 0 0 
12 1548577 1305800 1872518 14325 11277 16844 5.466582 4.111897 6.615771 0 157217 129875 140075 171129 74898 77572 160243 108744 53459 219820 148917 0 0 0 0 0 0 0 0 
13 1796521 1606101 1923818 13068 11889 14838 3.482308 2.160264 5.311834 0 168282 74568 198151 117781 92610 173479 88168 201504 159257 184428 176472 223353 0 0 0 0 0 0 0 
14 1877371 1626756 2448313 14024 10170 15838 5.897956 2.142100 10.522160 0 135297 194352 122437 252440 186551 147275 213783 211855 202767 262273 127568 241835 149874 0 0 0 0 0 0 
15 2355508 2285794 2449554 11845 11329 12285 6.404561 2.396096 16.864811 0 68105 206047 154657 129549 138662 184885 194179 195343 172236 203860 182090 196820 139335 207407 0 0 0 0 0 
16 2486963 2358188 2654392 11904 10997 12610 2.890669 2.508545 3.899554 0 247782 98775 233278 170991 121517 182411 165983 191109 169086 194356 163955 196928 149839 189196 179183 0 0 0 0 
17 2532757 2312371 2698174 12635 11718 14070 10.401373 2.613832 31.100254 0 67104 64710 50722 181362 193417 73378 171220 200126 172473 206624 177033 203431 165326 185557 170626 203806 0 0 0 
18 2607880 2355645 2930810 13149 11410 14589 6.024034 3.666671 9.145312 0 144094 88848 248283 72563 200115 266064 118295 191588 167009 201141 155986 187606 161103 198018 157480 209973 162639 0 0 
19 2846225 2777943 3001644 12624 11854 12959 2.246100 1.874092 2.673070 0 168003 132136 88497 89164 99274 122826 97882 164918 153002 189421 165349 208028 175241 191864 178807 195753 153673 211893 0 
20 3912334 2962873 5153357 10190 7256 12639 6.460232 2.838200 13.301740 0 83709 115290 240679 173853 143787 178114 147455 180352 203278 321714 294778 317181 297036 322140 293610 324051 292901 323707 293399 
