ptmalloc
2
20
350
17
4 330658 301532 357748 18344 16593 20242 1.497691 1.176974 1.897700 0 103618 145920 100391 0 0 0 0 0 0 0 0 0 0 0 0 0 0 0 0 
5 570858 529729 599517 13690 13102 14635 1.624653 1.315969 1.895859 0 122288 141302 147710 160927 0 0 0 0 0 0 0 0 0 0 0 0 0 0 0 
6 592617 554328 616165 16734 15957 17910 1.906666 1.515252 2.318633 0 68321 143290 142608 113088 127902 0 0 0 0 0 0 0 0 0 0 0 0 0 0 
7 699038 551442 869433 17758 13410 22219 1.764750 1.302125 1.959126 0 62284 119519 103336 100296 68863 97143 0 0 0 0 0 0 0 0 0 0 0 0 0 
8 829797 755023 933119 16924 14862 18562 2.427533 1.957727 3.044833 0 92083 108427 114008 205012 144036 144797 124754 0 0 0 0 0 0 0 0 0 0 0 0 
9 924228 847285 1013324 17410 15595 19177 2.368974 1.603899 2.801060 0 76047 177087 116310 160804 63221 142890 131165 100419 0 0 0 0 0 0 0 0 0 0 0 
10 987757 923770 1084196 18374 16481 19850 2.115306 1.761933 2.518390 0 92331 94523 129414 101638 79613 140273 95623 112272 124106 0 0 0 0 0 0 0 0 0 0 
11 1115677 1018204 1220564 17981 16370 19856 2.355377 1.736256 3.690691 0 84787 146808 146716 96304 99879 77747 143282 83762 95308 131160 0 0 0 0 0 0 0 0 0 
12 1107803 1006856 1261785 20366 17620 22303 2.686244 1.929966 3.668154 0 60550 96852 99440 92285 82300 87746 67167 154569 64901 107159 93883 0 0 0 0 0 0 0 0 
13 1410422 1183439 1589614 17206 14818 20526 2.530032 2.075591 3.301860 0 112208 118728 130593 94555 110487 153187 152974 151986 100443 115050 61390 141101 0 0 0 0 0 0 0 
14 1356635 1150477 1694738 19924 15519 23216 3.030708 2.111945 4.637456 0 99451 102386 94418 189098 124914 155404 156706 125467 89537 126708 128172 176083 126389 0 0 0 0 0 0 
15 1565545 1449929 1668947 18487 17146 20036 2.695789 1.487319 4.860825 0 103975 141412 133673 75637 111938 114438 105906 100980 101585 105692 97301 119781 111470 97365 0 0 0 0 0 
16 1456296 1318490 1588649 21531 19575 23641 24.729124 1.913670 88.654938 0 22516 89739 77873 93461 101288 101025 88338 97308 91046 98931 102662 93397 107550 107911 93586 0 0 0 0 
17 1776757 1575613 1865007 18610 17537 21099 8.278119 4.546540 12.059859 0 22382 164446 57736 144340 88119 84169 127409 130415 130384 134097 110668 130886 133362 128086 128991 149510 0 0 0 
18 1672494 1465055 1870156 21348 18703 24380 8.189208 4.310862 14.779667 0 186241 54748 49760 43133 57331 189010 56629 97946 86908 124729 77381 113092 73471 92663 84766 146024 75809 0 0 
19 1709511 1647198 1849079 21768 19799 22644 4.175805 3.560237 4.826988 0 42579 71585 92661 56713 35307 58702 102344 80020 115774 123594 113568 111206 125703 111115 121069 101172 105881 112758 0 
20 1755168 1627123 1884220 22942 21479 25039 4.408561 2.848662 7.165232 0 37986 29644 61545 56886 58530 53715 57257 55855 78975 113680 113671 113678 113677 113678 113676 113678 113675 113677 113634 
