SuperMalloc
2
20
350
17
4 475959 403473 516935 12142 10439 14907 2.546762 1.569381 4.958335 0 162002 111776 213907 0 0 0 0 0 0 0 0 0 0 0 0 0 0 0 0 
5 615166 432730 773003 13209 9676 18295 3.447526 2.431200 5.669174 0 103391 233280 132973 303358 0 0 0 0 0 0 0 0 0 0 0 0 0 0 0 
6 584248 383693 823935 18537 11474 26977 3.412703 2.191491 4.506283 0 60520 123088 227308 108816 101869 0 0 0 0 0 0 0 0 0 0 0 0 0 0 
7 838278 690015 969508 14028 11700 17148 4.757707 2.565734 6.833097 0 117101 130040 61510 122454 101089 157820 0 0 0 0 0 0 0 0 0 0 0 0 0 
8 987020 868876 1072944 13857 12614 15622 5.476716 2.156475 9.041279 0 132659 120323 288519 225365 60219 137542 51866 0 0 0 0 0 0 0 0 0 0 0 0 
9 1134259 829314 1551097 14721 9647 19832 12.748873 2.882259 30.174250 0 187821 132824 264346 227696 241812 262723 214884 18989 0 0 0 0 0 0 0 0 0 0 0 
10 1292537 830957 1762839 14883 9417 22590 6.093767 2.500264 14.490786 0 166509 171946 18016 45296 175453 161966 137483 71780 261066 0 0 0 0 0 0 0 0 0 0 
11 1181990 1099400 1339304 17100 14951 18494 4.578884 3.019060 6.943820 0 183915 109292 166712 58261 179105 76125 83947 40885 132894 68262 0 0 0 0 0 0 0 0 0 
12 1429762 1311058 1617900 15261 13272 16522 4.506153 2.451548 6.238762 0 159265 102556 121320 140022 188802 65167 142911 35599 137632 139337 78443 0 0 0 0 0 0 0 0 
13 1569510 1358739 1851000 15354 12668 17791 5.627962 2.464771 7.643449 0 191584 112888 151632 146611 109075 227102 92139 178204 191995 190511 152946 106310 0 0 0 0 0 0 0 
14 2159502 2025793 2449209 11801 10188 12791 5.019591 1.887451 7.000877 0 196387 125202 28053 171688 161619 191913 171767 172627 139833 175796 154265 183871 162305 0 0 0 0 0 0 
15 2386698 2226012 2463380 11609 11133 12615 2.445215 1.270367 4.609058 0 46661 152942 215066 62066 165745 184797 174287 186228 172649 178700 154137 177104 163363 192263 0 0 0 0 0 
16 2336975 2150848 2524330 12845 11864 13981 3.080616 2.503731 3.497664 0 93252 124118 57211 103471 89721 195063 178261 170910 160825 177859 154197 175384 153882 164837 151854 0 0 0 0 
17 2337904 2217323 2436367 13737 13140 14460 9.301037 2.861192 18.752546 0 146012 125507 107055 72503 60323 83831 156359 171571 150664 172277 154711 172596 161107 160266 153135 169401 0 0 0 
18 2734663 2553300 3061513 12350 10810 13170 8.830692 1.637586 19.571232 0 140886 130442 246180 12578 181897 123654 163839 167636 160621 164925 166124 171408 156848 169989 156778 161424 159304 0 0 
19 2985401 2952690 3016009 11890 11654 12131 5.321431 2.064437 12.702424 0 169230 123647 205131 207392 139508 79066 166459 164911 173913 176464 162476 186432 166686 181333 155644 171283 158903 173795 0 
20 3240457 2643203 4664631 12381 8053 14448 7.454953 3.108790 13.981713 0 85258 146475 122495 179162 149408 167281 157917 206264 171177 339107 326693 337233 329411 336999 298889 337924 310673 338134 324125 
